# Constructed from biom file
#OTU ID	old_G1_R1	old_G1_R2	old_G1_R3	old_G3_R1	old_G3_R2	old_G3_R3	old_G5_R1	old_G5_R2	old_G5_R3	old_G7_R1	old_G7_R2	old_G7_R3
0d3a0b2c70fabd309be24d4f50d2b1b2	4713.0	4406.0	4181.0	2320.0	2868.0	2803.0	1784.0	1365.0	1096.0	0.0	834.0	0.0
cf680a58577f3d2a5d642eb67c4a6903	4179.0	3866.0	3619.0	2010.0	2251.0	2187.0	1408.0	964.0	1001.0	105.0	0.0	118.0
a9a009b1459d32bbe333d8ca648d1faf	0.0	0.0	0.0	0.0	0.0	0.0	0.0	0.0	160.0	5080.0	4182.0	3844.0
0cd87e487d7efabf9a98bea3f89b7d99	0.0	0.0	0.0	0.0	0.0	0.0	0.0	0.0	0.0	4338.0	3791.0	3462.0
bc7e4df7be3ebf9b659a1d49b5a3c26f	2515.0	2373.0	2347.0	1309.0	1552.0	1506.0	1011.0	659.0	831.0	0.0	0.0	0.0
5805235e5c03832caa35a9a9b7fac03e	2256.0	2164.0	2022.0	1436.0	1763.0	1717.0	1060.0	766.0	776.0	0.0	0.0	0.0
f4daa7fef9265f8c53fb63acb66ec326	2418.0	2228.0	2046.0	1572.0	1493.0	1636.0	893.0	811.0	781.0	0.0	0.0	0.0
5bd01bca3130818d1f97f98c3be017ce	2280.0	2151.0	2010.0	1098.0	1279.0	1273.0	828.0	645.0	648.0	0.0	0.0	0.0
9001f7c61e9eb8bbacf0438186349e3e	2148.0	2128.0	2042.0	1081.0	1263.0	1186.0	593.0	705.0	788.0	0.0	0.0	0.0
623845e90b306a9e8b1505219b4db3e9	2067.0	1911.0	1962.0	1016.0	1293.0	1155.0	919.0	709.0	612.0	0.0	0.0	0.0
bb736009b2d89f8a9b0f23727c5707ff	0.0	0.0	0.0	0.0	0.0	0.0	0.0	187.0	0.0	2842.0	2405.0	2150.0
a79eaf1adca8f1656782c654bbcc0c0f	0.0	0.0	0.0	0.0	0.0	0.0	0.0	0.0	0.0	2729.0	2297.0	1971.0
6ee002c78fa2021b6bb5c7f47ae0fba9	0.0	0.0	0.0	0.0	0.0	0.0	0.0	0.0	0.0	2635.0	2057.0	2030.0
8f8a968dc0c419b18f7e2a4488ee5d39	0.0	0.0	0.0	0.0	0.0	0.0	116.0	0.0	0.0	2417.0	2184.0	1978.0
fe77411ed9e39016f4a5b606d4e3fed3	0.0	0.0	0.0	0.0	0.0	0.0	0.0	0.0	0.0	2376.0	2179.0	2023.0
4922aa8ce28379b4c48e83cf4c156563	0.0	0.0	0.0	0.0	0.0	0.0	0.0	0.0	0.0	2423.0	2220.0	1849.0
20b7c1ac80c74b72ca14800d43ed3128	1409.0	1324.0	1266.0	638.0	764.0	728.0	512.0	434.0	289.0	0.0	0.0	0.0
5c67b5c90909bf02c717a1a6670118ac	468.0	441.0	455.0	1391.0	1379.0	1365.0	944.0	910.0	901.0	0.0	252.0	0.0
25a2932834dde26e42674921e77b0203	0.0	0.0	0.0	0.0	92.0	0.0	131.0	0.0	0.0	1361.0	1241.0	1104.0
49701267b0911e2441da0989a3e150fd	0.0	0.0	0.0	0.0	0.0	0.0	0.0	0.0	0.0	1364.0	1127.0	1035.0
3dcbdf4b9dad40a95b5375b4104064f4	0.0	0.0	0.0	0.0	0.0	0.0	0.0	0.0	0.0	812.0	705.0	683.0
59377978c8d8ceaf0be4132a05a70c13	0.0	0.0	0.0	4834.0	0.0	0.0	0.0	0.0	0.0	0.0	0.0	0.0
16dc9fc60d3bdcb0a2da0e0e75396ea8	0.0	0.0	0.0	0.0	0.0	0.0	0.0	0.0	0.0	693.0	568.0	615.0
67f167c1e3e163e73bd7d0c50c4fd289	0.0	0.0	0.0	0.0	0.0	0.0	1574.0	1098.0	1052.0	0.0	0.0	258.0
402ca8ebe96d03c37a5c163493f3cfb0	0.0	0.0	0.0	0.0	0.0	0.0	1285.0	980.0	918.0	260.0	283.0	0.0
7ef73c30bff4534afd1c50df50d5dbc9	0.0	0.0	0.0	0.0	71.0	96.0	0.0	0.0	0.0	443.0	373.0	370.0
ada7366ae3a17ba887ef7e55cfa6a76b	0.0	0.0	0.0	0.0	0.0	0.0	0.0	0.0	0.0	330.0	320.0	340.0
9cacd954aaca0692cb361b85ceaf29e4	0.0	0.0	0.0	0.0	0.0	0.0	0.0	0.0	0.0	184.0	263.0	266.0
cf1fb23a9c288b5dde97f6da757d473a	0.0	0.0	0.0	519.0	703.0	0.0	0.0	0.0	0.0	0.0	452.0	0.0
8363077bd69d461c9d7e7d323a9ec7d0	0.0	0.0	0.0	0.0	0.0	0.0	772.0	614.0	524.0	90.0	97.0	0.0
b0e96eb53f6a00fa2bc8cc508c8fdc21	0.0	0.0	0.0	0.0	0.0	0.0	309.0	256.0	259.0	0.0	0.0	0.0
701cc8398e69ee19045af0cb59de3b7d	0.0	0.0	0.0	0.0	0.0	0.0	740.0	490.0	487.0	0.0	0.0	72.0
6df0089dba051c22f0c0ce1ddb053791	0.0	0.0	0.0	0.0	0.0	0.0	0.0	893.0	1022.0	0.0	0.0	0.0
20ad1e28d4bf2ea30172b05ce6ff9b84	0.0	0.0	0.0	0.0	0.0	0.0	0.0	0.0	0.0	0.0	0.0	691.0
f7ed7cb64565d25f948aea7a59022710	0.0	0.0	0.0	0.0	11.0	0.0	0.0	0.0	0.0	187.0	194.0	81.0
05b9ae797f203692c22ce40df6d5b141	0.0	0.0	0.0	107.0	0.0	0.0	265.0	312.0	319.0	0.0	0.0	0.0
ee859318091d3e3e8ee122f950d03bfc	0.0	0.0	0.0	78.0	0.0	44.0	93.0	0.0	427.0	0.0	0.0	0.0
9ba7818d3e9f292605a521d0183e0e43	0.0	0.0	0.0	275.0	333.0	370.0	0.0	0.0	0.0	0.0	0.0	0.0
409b320e65eaded59004fe6f50a3993d	0.0	0.0	0.0	0.0	0.0	0.0	387.0	306.0	305.0	0.0	0.0	0.0
05cfc62e2602a52d068b4c70f81ef655	0.0	0.0	0.0	0.0	0.0	604.0	0.0	0.0	0.0	0.0	0.0	0.0
87d99de27f8c0f8bc860a9ae0dbd2f79	0.0	0.0	0.0	0.0	0.0	0.0	325.0	271.0	240.0	0.0	0.0	80.0
c1b9bd02efa9f07f5b380953590d9d31	0.0	0.0	0.0	0.0	0.0	0.0	0.0	0.0	0.0	0.0	247.0	0.0
3f7a598639589083945b1a2e31911f85	0.0	0.0	0.0	0.0	0.0	0.0	365.0	198.0	311.0	0.0	0.0	0.0
cc3f13a5f791ed67c15d8f12a2f01eb7	0.0	0.0	0.0	844.0	0.0	0.0	0.0	0.0	0.0	0.0	0.0	0.0
cb5b47effa98f64bc13ab4b775424038	0.0	0.0	0.0	0.0	0.0	0.0	378.0	412.0	0.0	0.0	12.0	0.0
f20f9f73fadf9f7a19b4f02abc76ca79	0.0	0.0	0.0	0.0	0.0	0.0	321.0	218.0	243.0	0.0	0.0	0.0
8d14e0eb270f4d34810372f67dbc0519	0.0	0.0	0.0	0.0	0.0	0.0	0.0	0.0	778.0	0.0	0.0	0.0
3f9c4bb66fa872abd5e2b371b76b2b19	0.0	0.0	0.0	0.0	0.0	0.0	754.0	0.0	0.0	0.0	0.0	0.0
f0c4879d5591d2b83373f8118e5ee691	0.0	0.0	0.0	0.0	0.0	0.0	0.0	439.0	0.0	0.0	0.0	0.0
cdcab7bf52686283b0842a20e00af2b0	0.0	0.0	0.0	0.0	725.0	0.0	0.0	0.0	0.0	0.0	0.0	0.0
4a79b0b30501087749757dcc31f5bbc0	0.0	5.0	0.0	0.0	160.0	356.0	0.0	189.0	0.0	0.0	0.0	0.0
45a44f775be8290a846a7e9ae1855f88	0.0	0.0	0.0	0.0	0.0	708.0	0.0	0.0	0.0	0.0	0.0	0.0
7b330a301be3c644ba8f1c32c1b88fd5	0.0	0.0	0.0	0.0	0.0	0.0	372.0	267.0	0.0	0.0	0.0	0.0
12ba531202849638853b560d8401a8c3	0.0	0.0	0.0	0.0	0.0	0.0	0.0	0.0	281.0	0.0	0.0	0.0
ea11118f1984d57a8d83104658dfd8da	0.0	0.0	0.0	0.0	0.0	0.0	0.0	564.0	0.0	0.0	0.0	0.0
2d90595bee8fe06d4e4afa71710a3611	0.0	0.0	0.0	0.0	535.0	0.0	0.0	0.0	0.0	0.0	0.0	0.0
445f5089b03d113a5ae676b0a9650f45	0.0	0.0	0.0	0.0	0.0	0.0	102.0	0.0	0.0	0.0	93.0	0.0
b660fcd3ca5318fbf0b88f8218620132	0.0	0.0	520.0	0.0	0.0	0.0	0.0	0.0	0.0	0.0	0.0	0.0
c4d22c607e3fdf72cd32b41cf96d721b	0.0	0.0	0.0	172.0	206.0	123.0	0.0	0.0	0.0	0.0	0.0	0.0
ca70a81b45fd8c955a24413fbb1d5d07	0.0	0.0	0.0	0.0	0.0	0.0	195.0	125.0	127.0	0.0	0.0	0.0
01f6ebded4068e534fc46d94ebcd6264	0.0	0.0	0.0	0.0	0.0	0.0	399.0	0.0	0.0	0.0	0.0	0.0
c09ffc62cb46f0290dff262827e168b8	0.0	0.0	0.0	0.0	0.0	0.0	237.0	0.0	159.0	0.0	0.0	0.0
d69c25ba311eeb8d45830a46dc9bd310	0.0	0.0	0.0	0.0	173.0	0.0	0.0	153.0	0.0	0.0	0.0	0.0
fee2175a509eaf5ad6a3bf8ffba9547e	0.0	0.0	0.0	0.0	0.0	0.0	0.0	0.0	185.0	22.0	0.0	0.0
ec1eb2cf99a644b4e4aac502c141dffc	0.0	0.0	0.0	0.0	0.0	0.0	292.0	0.0	0.0	0.0	0.0	0.0
a8fd42cfd4953045ed856dc180ebb607	0.0	0.0	0.0	0.0	235.0	0.0	0.0	0.0	0.0	0.0	0.0	0.0
198924e7e83624492b66ded894823a4d	0.0	0.0	0.0	0.0	92.0	0.0	196.0	0.0	0.0	0.0	0.0	0.0
f6832663a57268680cfe2c1e8087db16	0.0	0.0	0.0	0.0	0.0	64.0	0.0	0.0	216.0	0.0	0.0	0.0
a18ffc2ee49a841e9a3aeb32db510486	0.0	0.0	0.0	219.0	0.0	0.0	0.0	49.0	0.0	0.0	0.0	0.0
6e098c820e39874ab52a026f87d8e0fe	0.0	0.0	0.0	0.0	278.0	0.0	0.0	0.0	0.0	0.0	0.0	0.0
96bed94b91e0d25554f4813c3bbb9daa	130.0	141.0	0.0	0.0	0.0	0.0	0.0	0.0	0.0	0.0	0.0	0.0
82bb8a4333afb55057f926cba17a1e26	0.0	0.0	0.0	0.0	0.0	0.0	0.0	254.0	0.0	0.0	0.0	0.0
ba148d069331a11f1b5e4a200e5a8c33	0.0	0.0	0.0	0.0	252.0	0.0	0.0	0.0	0.0	0.0	0.0	0.0
9286dad2647dd50fe566f01de812029d	0.0	0.0	0.0	0.0	0.0	0.0	252.0	0.0	0.0	0.0	0.0	0.0
87ea70cdda2b52a8aa92f37895d9b93d	0.0	0.0	0.0	0.0	0.0	0.0	175.0	0.0	77.0	0.0	0.0	0.0
508a38954a9d0dbba8af8d2b7c673357	0.0	0.0	0.0	0.0	251.0	0.0	0.0	0.0	0.0	0.0	0.0	0.0
6470b07b89251bb536c6b9f3dc673763	0.0	0.0	0.0	0.0	0.0	0.0	70.0	0.0	0.0	0.0	0.0	0.0
43b9b5e946d551490d5533d5dda57d4e	0.0	0.0	0.0	0.0	0.0	0.0	248.0	0.0	0.0	0.0	0.0	0.0
cfebb1048a50ee267270be12fb30e504	0.0	0.0	0.0	245.0	0.0	0.0	0.0	0.0	0.0	0.0	0.0	0.0
1d375716383d5cb7ee8d1db920284446	0.0	0.0	0.0	0.0	0.0	0.0	238.0	0.0	0.0	0.0	0.0	0.0
b8fcf08bbe69f7d0ee0664934d5460fa	0.0	0.0	0.0	0.0	0.0	0.0	0.0	0.0	0.0	0.0	0.0	95.0
0f0c37ba491be2a9c596fb0a6c65c10d	0.0	0.0	0.0	0.0	0.0	0.0	0.0	0.0	203.0	20.0	0.0	0.0
d67995d52ca3fac6a5af37fac94088b8	0.0	0.0	0.0	0.0	0.0	0.0	0.0	0.0	0.0	0.0	221.0	0.0
0986ad2dc032c0331552792a53ee1de3	0.0	0.0	0.0	0.0	172.0	0.0	0.0	0.0	45.0	0.0	0.0	0.0
a1208efe9df3b0363e7739f4426b8684	0.0	0.0	0.0	216.0	0.0	0.0	0.0	0.0	0.0	0.0	0.0	0.0
dfa4beb705b2139255e32f2b11d4e943	9.0	0.0	5.0	13.0	15.0	27.0	22.0	0.0	3.0	0.0	0.0	0.0
cea1a52701ade33fdb004692641704f5	0.0	0.0	0.0	0.0	0.0	0.0	0.0	0.0	0.0	0.0	212.0	0.0
c0e98e34af3ab144ca54c0982df9439f	0.0	0.0	0.0	208.0	0.0	0.0	0.0	0.0	0.0	0.0	0.0	0.0
3ae8618272d43b6153dd16a01dc29dc8	0.0	0.0	0.0	0.0	130.0	78.0	0.0	0.0	0.0	0.0	0.0	0.0
c0c55b6b6a660ebefff67067122b75c5	204.0	0.0	0.0	0.0	0.0	0.0	0.0	0.0	0.0	0.0	0.0	0.0
8cb5aef35c7fea9d9d99aeddafc8c0b3	0.0	0.0	0.0	0.0	0.0	204.0	0.0	0.0	0.0	0.0	0.0	0.0
5bccd2fada6933271d11a0806dd86c1c	0.0	0.0	0.0	87.0	0.0	114.0	0.0	0.0	0.0	0.0	0.0	0.0
d58a22f0f150519faeaaf19e6e7b9811	197.0	0.0	0.0	0.0	0.0	0.0	0.0	0.0	0.0	0.0	0.0	0.0
6df4dee20a6b0e6e11b399bdc4a58107	0.0	0.0	0.0	196.0	0.0	0.0	0.0	0.0	0.0	0.0	0.0	0.0
f1f28dec453fb86d8dfe18fe210c4e7e	0.0	0.0	0.0	0.0	0.0	0.0	0.0	0.0	196.0	0.0	0.0	0.0
90f924fbc2e9767bf4717b26390b40ee	0.0	0.0	0.0	0.0	0.0	0.0	195.0	0.0	0.0	0.0	0.0	0.0
91e9745f6f33cb9275234301f0e174c0	0.0	0.0	0.0	0.0	74.0	112.0	0.0	0.0	0.0	0.0	0.0	0.0
3ccfbbfc53cb1922e90903fc3ff08097	0.0	0.0	0.0	0.0	0.0	182.0	0.0	0.0	0.0	0.0	0.0	0.0
7073f0eba6c9f13ee684fc5854c0c907	0.0	0.0	0.0	0.0	0.0	0.0	0.0	0.0	0.0	0.0	181.0	0.0
b3c67b497925ac7fa16c3bf933cacf8f	0.0	0.0	0.0	0.0	0.0	0.0	96.0	0.0	67.0	0.0	0.0	0.0
0a283848745f54363dca061339d1f4cc	0.0	0.0	0.0	147.0	0.0	0.0	0.0	27.0	0.0	0.0	0.0	0.0
b13085eae642af8640a6007d0fc5f556	0.0	0.0	172.0	0.0	0.0	0.0	0.0	0.0	0.0	0.0	0.0	0.0
a411eee345a517770ec8cecc11c52e82	0.0	169.0	0.0	0.0	0.0	0.0	0.0	0.0	0.0	0.0	0.0	0.0
272d89e7c99250bdf16a7f9c8e76518e	0.0	0.0	0.0	0.0	0.0	0.0	0.0	168.0	0.0	0.0	0.0	0.0
7bed211459315886d778c5c1118f73be	0.0	0.0	162.0	0.0	0.0	0.0	0.0	0.0	0.0	0.0	0.0	0.0
8420d8fe0dc5bf31d0b58ace56589626	0.0	0.0	0.0	0.0	0.0	0.0	0.0	0.0	0.0	0.0	161.0	0.0
80359b0485f2faf0de3c654e0ee2ac5c	0.0	0.0	0.0	0.0	0.0	0.0	0.0	158.0	0.0	0.0	0.0	0.0
c4aa513e78eb05170e813beef83ce5f7	0.0	154.0	0.0	0.0	0.0	0.0	0.0	0.0	0.0	0.0	0.0	0.0
5d2d2b208603671e717ac70411f25026	0.0	0.0	153.0	0.0	0.0	0.0	0.0	0.0	0.0	0.0	0.0	0.0
54b7add74646bb3be80743f020f76034	0.0	0.0	0.0	0.0	0.0	0.0	153.0	0.0	0.0	0.0	0.0	0.0
ccf051185091bc0b73d926b1b2e0a81e	0.0	0.0	0.0	0.0	0.0	0.0	0.0	0.0	0.0	0.0	149.0	0.0
b880e34c617f8ad149879e9adfc9f439	0.0	0.0	0.0	0.0	0.0	0.0	0.0	0.0	144.0	0.0	0.0	0.0
cf7ebb5b4e05daa0055e94ee82ce5017	0.0	0.0	0.0	0.0	0.0	0.0	142.0	0.0	0.0	0.0	0.0	0.0
9498af1821232dabb90339ead86cfbe6	0.0	0.0	0.0	0.0	0.0	141.0	0.0	0.0	0.0	0.0	0.0	0.0
ae7665835f36f6832657620fae575c3d	0.0	0.0	0.0	0.0	0.0	139.0	0.0	0.0	0.0	0.0	0.0	0.0
ccbeb54dc59f3db240a9a59ed26c31a9	0.0	0.0	0.0	0.0	0.0	0.0	80.0	0.0	58.0	0.0	0.0	0.0
468db6f7089fd6ecab13147757af6ed4	0.0	0.0	0.0	134.0	0.0	0.0	0.0	0.0	0.0	0.0	0.0	0.0
08eb5fd58eb18669a97efa9056030965	0.0	0.0	0.0	0.0	134.0	0.0	0.0	0.0	0.0	0.0	0.0	0.0
2d3af603924fa8ce94a50c2ec69b7e53	0.0	0.0	0.0	0.0	0.0	0.0	0.0	0.0	0.0	134.0	0.0	0.0
b388f2b3b6343b28ecd6e1536ad12160	0.0	0.0	130.0	0.0	0.0	0.0	0.0	0.0	0.0	0.0	0.0	0.0
c08b040c6b785b31c3b976108ce2af78	0.0	0.0	0.0	0.0	0.0	0.0	0.0	0.0	127.0	0.0	0.0	0.0
67d88a2022044459ef739a996bab7c60	0.0	0.0	0.0	0.0	72.0	54.0	0.0	0.0	0.0	0.0	0.0	0.0
651f7050a5864f04c4084f49c7cf5f0b	0.0	0.0	0.0	0.0	0.0	0.0	126.0	0.0	0.0	0.0	0.0	0.0
228d558b0c71a667be04bd8ab6016fe1	0.0	0.0	0.0	0.0	0.0	0.0	0.0	124.0	0.0	0.0	0.0	0.0
5fcae50bfdf0ebf18a5f5b9060bb6e91	0.0	0.0	0.0	0.0	0.0	0.0	0.0	0.0	124.0	0.0	0.0	0.0
d58cec8c391d2f3314e31beead44781d	0.0	0.0	0.0	0.0	0.0	0.0	123.0	0.0	0.0	0.0	0.0	0.0
ced7a1d79196837a9534aa6b107a35c6	0.0	0.0	0.0	0.0	0.0	0.0	0.0	0.0	123.0	0.0	0.0	0.0
246cf04c915a1bb4e670dab00b441f08	0.0	0.0	0.0	122.0	0.0	0.0	0.0	0.0	0.0	0.0	0.0	0.0
a8f9169ec14d08136a5204a050a7cbb1	0.0	0.0	0.0	0.0	121.0	0.0	0.0	0.0	0.0	0.0	0.0	0.0
8a8b55c69b1885097e821747020afe59	0.0	0.0	0.0	120.0	0.0	0.0	0.0	0.0	0.0	0.0	0.0	0.0
9040fbd1f92b7653e2dea7433e58df6f	0.0	0.0	0.0	117.0	0.0	0.0	0.0	0.0	0.0	0.0	0.0	0.0
0017436e22d36c653696b8be06e88a6b	0.0	0.0	0.0	117.0	0.0	0.0	0.0	0.0	0.0	0.0	0.0	0.0
a3d09b685bad107f1bd0aa989c8821b0	0.0	0.0	0.0	0.0	117.0	0.0	0.0	0.0	0.0	0.0	0.0	0.0
e04ea95c1411b9d48e7b258fff22c8fe	0.0	0.0	0.0	0.0	0.0	0.0	54.0	0.0	0.0	0.0	0.0	0.0
e2573ad1738b9f85ede4bad7f435a36b	0.0	0.0	0.0	0.0	0.0	0.0	115.0	0.0	0.0	0.0	0.0	0.0
120887f0f4e6b7e72820c8217e876606	0.0	0.0	0.0	0.0	0.0	0.0	0.0	0.0	109.0	0.0	0.0	0.0
2d493e9bb6adfe2e59b0e4a1b84570e2	0.0	0.0	0.0	0.0	105.0	0.0	0.0	0.0	0.0	0.0	0.0	0.0
43961ee7f7a30888ae67938bae365070	0.0	0.0	0.0	0.0	104.0	0.0	0.0	0.0	0.0	0.0	0.0	0.0
104a57d8c373b12f13a49ce7ae630b2c	0.0	0.0	0.0	103.0	0.0	0.0	0.0	0.0	0.0	0.0	0.0	0.0
946f05182b12eceee685b7dbfe52bc60	0.0	0.0	0.0	0.0	0.0	0.0	0.0	0.0	103.0	0.0	0.0	0.0
9da2d1d359a9dff9232b131bd0a504de	0.0	0.0	0.0	101.0	0.0	0.0	0.0	0.0	0.0	0.0	0.0	0.0
86062830b412124f241238f0a8a23c33	0.0	0.0	0.0	0.0	0.0	0.0	0.0	101.0	0.0	0.0	0.0	0.0
226097f53f8bb13147c0ba9c9ba62759	0.0	0.0	0.0	100.0	0.0	0.0	0.0	0.0	0.0	0.0	0.0	0.0
0afcbc2cc097dcf68d6a6f2fee0e3078	0.0	0.0	0.0	0.0	0.0	0.0	55.0	0.0	0.0	0.0	0.0	0.0
5adf848ae3476b450b0eb18b66b9f84e	99.0	0.0	0.0	0.0	0.0	0.0	0.0	0.0	0.0	0.0	0.0	0.0
f03f9402a14e82f22ef646c50707454b	0.0	0.0	0.0	0.0	97.0	0.0	0.0	0.0	0.0	0.0	0.0	0.0
a0840c7f9405e57ca24adb8e0a19f617	0.0	0.0	0.0	0.0	95.0	0.0	0.0	0.0	0.0	0.0	0.0	0.0
495f0acaedb90683653c8f3fb86a840c	0.0	0.0	0.0	0.0	0.0	0.0	94.0	0.0	0.0	0.0	0.0	0.0
4ced5a7e5d006bce291e2bd27248b640	0.0	0.0	0.0	91.0	0.0	0.0	0.0	0.0	0.0	0.0	0.0	0.0
56c80ed3f5b7182f99fb1f199b101472	0.0	0.0	0.0	0.0	0.0	91.0	0.0	0.0	0.0	0.0	0.0	0.0
a3299fd012f0b5c6660308c59fc686cb	0.0	0.0	0.0	0.0	0.0	91.0	0.0	0.0	0.0	0.0	0.0	0.0
295660ce623b8067154d55d64d1d972d	0.0	0.0	0.0	0.0	0.0	90.0	0.0	0.0	0.0	0.0	0.0	0.0
8830537d385d6fb1410e01570f1101af	0.0	0.0	0.0	0.0	0.0	90.0	0.0	0.0	0.0	0.0	0.0	0.0
346ca319d72156de664fc624f3867b24	0.0	0.0	0.0	0.0	89.0	0.0	0.0	0.0	0.0	0.0	0.0	0.0
b6bae44f7009944dade0d180edef4aa5	0.0	0.0	0.0	0.0	0.0	0.0	89.0	0.0	0.0	0.0	0.0	0.0
4a4e56fb2f0f917736fcbe4d1b0e7741	0.0	0.0	0.0	87.0	0.0	0.0	0.0	0.0	0.0	0.0	0.0	0.0
2288deabbffeebc9e28f17a3dd68e4a4	0.0	0.0	0.0	0.0	0.0	87.0	0.0	0.0	0.0	0.0	0.0	0.0
cf8bc2d62f58407f341c1b6b277fdd86	86.0	0.0	0.0	0.0	0.0	0.0	0.0	0.0	0.0	0.0	0.0	0.0
7751b71be54a8d82b9c678709f648d07	0.0	0.0	0.0	0.0	0.0	86.0	0.0	0.0	0.0	0.0	0.0	0.0
6d5ce5e3e9dd9d4ae681760994a34761	0.0	0.0	0.0	0.0	0.0	0.0	86.0	0.0	0.0	0.0	0.0	0.0
289025aa7646e3ebd830dc8be69de2bf	0.0	84.0	0.0	0.0	0.0	0.0	0.0	0.0	0.0	0.0	0.0	0.0
65222fd519f0e0fe8bb5e93b438c6993	0.0	0.0	0.0	0.0	0.0	0.0	0.0	84.0	0.0	0.0	0.0	0.0
99363868b554e1649927ee9c97152042	0.0	0.0	0.0	83.0	0.0	0.0	0.0	0.0	0.0	0.0	0.0	0.0
74cc9709b053fc335379811178c7c1b6	0.0	0.0	0.0	0.0	0.0	0.0	0.0	0.0	83.0	0.0	0.0	0.0
db0d43b6532df3253e3537445bb6ca58	0.0	0.0	0.0	0.0	0.0	82.0	0.0	0.0	0.0	0.0	0.0	0.0
70fed7cafe6e3f1c12d7e39b5881ba2e	0.0	0.0	0.0	0.0	0.0	0.0	0.0	0.0	0.0	28.0	34.0	20.0
2a55833bc9835b83aa52a8cebe51b4e5	0.0	0.0	0.0	0.0	81.0	0.0	0.0	0.0	0.0	0.0	0.0	0.0
90ef5ee1c57c3fb1e1842bae0d470d42	0.0	0.0	0.0	0.0	0.0	80.0	0.0	0.0	0.0	0.0	0.0	0.0
4c92a7d8951f0b0e3049bff92b3432b3	0.0	0.0	0.0	0.0	0.0	0.0	0.0	0.0	0.0	0.0	0.0	79.0
70e6359996716afdcc2878d4fd3e66bc	0.0	0.0	0.0	0.0	0.0	0.0	77.0	0.0	0.0	0.0	0.0	0.0
7a4d326deb1341c2218bd9262858aa20	0.0	0.0	0.0	0.0	0.0	0.0	0.0	0.0	77.0	0.0	0.0	0.0
f4cda10879abf85c339f48205701fa3a	0.0	0.0	0.0	75.0	0.0	0.0	0.0	0.0	0.0	0.0	0.0	0.0
c1183544f8850cfc223f2c95ed5759e3	0.0	0.0	0.0	75.0	0.0	0.0	0.0	0.0	0.0	0.0	0.0	0.0
9aa09aac352337c7523909e1acb35156	0.0	0.0	0.0	0.0	75.0	0.0	0.0	0.0	0.0	0.0	0.0	0.0
8f0c4bf18f9ad68d16cdd19327e48182	0.0	0.0	0.0	73.0	0.0	0.0	0.0	0.0	0.0	0.0	0.0	0.0
cb52260b3cb64aa2581955b2d9bdfcdd	0.0	0.0	0.0	0.0	0.0	0.0	73.0	0.0	0.0	0.0	0.0	0.0
d0a5c48da474a7a7f88063a77b0c4c1b	0.0	0.0	0.0	0.0	0.0	0.0	0.0	0.0	72.0	0.0	0.0	0.0
4b94292531969248056d02754ca63961	0.0	0.0	0.0	0.0	0.0	71.0	0.0	0.0	0.0	0.0	0.0	0.0
80bab7aae2c2d6010bf8f4d060643a0b	0.0	0.0	0.0	0.0	0.0	0.0	0.0	71.0	0.0	0.0	0.0	0.0
c57b3821f1a44797cd1feca426f5491f	0.0	0.0	0.0	69.0	0.0	0.0	0.0	0.0	0.0	0.0	0.0	0.0
a7b25e0cdc2e587c3643a6f118fbef65	0.0	0.0	0.0	0.0	69.0	0.0	0.0	0.0	0.0	0.0	0.0	0.0
20ebf5efcf1d5fe4177a54e77217c4e1	0.0	0.0	0.0	0.0	0.0	0.0	69.0	0.0	0.0	0.0	0.0	0.0
98c7c0d7d37c69a8aba5bc724432ca13	0.0	0.0	0.0	68.0	0.0	0.0	0.0	0.0	0.0	0.0	0.0	0.0
d038a765b09cc1adb7b06c35b9bd48bf	0.0	0.0	0.0	0.0	0.0	68.0	0.0	0.0	0.0	0.0	0.0	0.0
3c23e43a3989ec74a4437d0c395cc029	0.0	0.0	0.0	67.0	0.0	0.0	0.0	0.0	0.0	0.0	0.0	0.0
70047eb112d1f6cbf08f6991c21befa7	0.0	0.0	0.0	67.0	0.0	0.0	0.0	0.0	0.0	0.0	0.0	0.0
032615ac7f828765a52c88c2b1297007	0.0	0.0	0.0	0.0	67.0	0.0	0.0	0.0	0.0	0.0	0.0	0.0
7a53563f224d80ed560041a8748d9733	0.0	0.0	0.0	0.0	0.0	55.0	12.0	0.0	0.0	0.0	0.0	0.0
fd1c8b2af3eb16e36893b50d9e43385a	0.0	0.0	0.0	0.0	0.0	67.0	0.0	0.0	0.0	0.0	0.0	0.0
c95063056b67b56c4518ebfe660df108	0.0	0.0	0.0	0.0	66.0	0.0	0.0	0.0	0.0	0.0	0.0	0.0
4b65500a232f493875278f6c166baa9e	0.0	0.0	0.0	0.0	0.0	0.0	0.0	66.0	0.0	0.0	0.0	0.0
784c5afc8a773d3deb0bf0934c0e4970	0.0	0.0	0.0	0.0	0.0	65.0	0.0	0.0	0.0	0.0	0.0	0.0
fbc806be187c78693c3205186e5b43a6	0.0	0.0	0.0	0.0	0.0	0.0	0.0	65.0	0.0	0.0	0.0	0.0
4718b50e822cafa2df0e59497b86c48f	2.0	0.0	0.0	0.0	0.0	0.0	0.0	0.0	0.0	0.0	0.0	0.0
9e9c2f80875357a643cd55da8c80d713	0.0	0.0	0.0	64.0	0.0	0.0	0.0	0.0	0.0	0.0	0.0	0.0
74b0d9f5e2626a34c6c03ba5696f58b5	0.0	0.0	0.0	0.0	0.0	64.0	0.0	0.0	0.0	0.0	0.0	0.0
b53ba5173f35834eb092373b163f9fd2	0.0	0.0	0.0	63.0	0.0	0.0	0.0	0.0	0.0	0.0	0.0	0.0
b0fa43e8db476aa553ed89a64a34dba9	0.0	0.0	0.0	0.0	62.0	0.0	0.0	0.0	0.0	0.0	0.0	0.0
13831070846cd0183d895c2a5024ed7b	0.0	0.0	0.0	0.0	0.0	0.0	62.0	0.0	0.0	0.0	0.0	0.0
5db330bba4051b4f01a4ae50aa96dd25	0.0	0.0	0.0	61.0	0.0	0.0	0.0	0.0	0.0	0.0	0.0	0.0
0f204ce9d796b6f8d038c53a54556007	0.0	0.0	0.0	0.0	61.0	0.0	0.0	0.0	0.0	0.0	0.0	0.0
5ebbe9df10397ded4655e09a2eb8c8ed	0.0	0.0	0.0	0.0	0.0	0.0	0.0	61.0	0.0	0.0	0.0	0.0
6ddbdb0ba96aca40ef9ae2f35daa11d6	0.0	0.0	0.0	58.0	0.0	0.0	0.0	0.0	0.0	0.0	0.0	0.0
876412290a4fe98fa9bfa26d0c429c26	0.0	0.0	0.0	49.0	0.0	0.0	0.0	0.0	0.0	0.0	0.0	0.0
bc9096de45e2765e3e3d875b6442c768	0.0	0.0	0.0	0.0	0.0	58.0	0.0	0.0	0.0	0.0	0.0	0.0
8c6ced58bb4785feeb5dcd8c62720dea	0.0	0.0	0.0	57.0	0.0	0.0	0.0	0.0	0.0	0.0	0.0	0.0
949f7cb013a11ab797ece2b3dc1b55b1	0.0	0.0	0.0	0.0	0.0	0.0	0.0	0.0	57.0	0.0	0.0	0.0
fc8051c081779c9801dc00cf7a21f29f	0.0	0.0	0.0	0.0	0.0	0.0	0.0	55.0	0.0	0.0	0.0	0.0
b398d806b2a1821adbad19c523e1b194	0.0	0.0	0.0	54.0	0.0	0.0	0.0	0.0	0.0	0.0	0.0	0.0
3ccf22dcbc55f5e856495bcea8333871	0.0	0.0	0.0	0.0	0.0	54.0	0.0	0.0	0.0	0.0	0.0	0.0
d7d43bdaa530500eece8ee72032a934e	0.0	0.0	0.0	0.0	0.0	0.0	54.0	0.0	0.0	0.0	0.0	0.0
93aee1915dae715ef71677e92bdaf92e	0.0	0.0	0.0	0.0	53.0	0.0	0.0	0.0	0.0	0.0	0.0	0.0
3d2a1874da6dfd694d01df52ba3c19ca	0.0	0.0	0.0	0.0	0.0	53.0	0.0	0.0	0.0	0.0	0.0	0.0
868f06ecfced13b50e22d5523781edb4	0.0	0.0	0.0	0.0	0.0	0.0	53.0	0.0	0.0	0.0	0.0	0.0
ef7cf411df354900660f1905afb1e335	52.0	0.0	0.0	0.0	0.0	0.0	0.0	0.0	0.0	0.0	0.0	0.0
a2be2c9db6e0c4ab3dc7c69f0f063c0f	0.0	0.0	0.0	0.0	52.0	0.0	0.0	0.0	0.0	0.0	0.0	0.0
f7d0bdc1861a851b3c2815c5965e4640	0.0	0.0	0.0	0.0	52.0	0.0	0.0	0.0	0.0	0.0	0.0	0.0
97e9f14a331e10712106ca8f6a1b9e73	0.0	0.0	0.0	0.0	0.0	52.0	0.0	0.0	0.0	0.0	0.0	0.0
87ddb09945b4f3367b07b28a43307572	0.0	0.0	0.0	0.0	0.0	0.0	0.0	52.0	0.0	0.0	0.0	0.0
1d2dd15c17fa0fb6868267bfafca2c4d	0.0	0.0	0.0	51.0	0.0	0.0	0.0	0.0	0.0	0.0	0.0	0.0
d6b9a40db4f0c111e55522eff57d82d5	0.0	0.0	0.0	0.0	51.0	0.0	0.0	0.0	0.0	0.0	0.0	0.0
34f6681d15c3d775ed19a520c54ff3b5	0.0	0.0	0.0	0.0	51.0	0.0	0.0	0.0	0.0	0.0	0.0	0.0
1ef70777023cfc36257786d63468590c	0.0	0.0	0.0	0.0	0.0	51.0	0.0	0.0	0.0	0.0	0.0	0.0
4dd12f97acbe3742f39d20447dc078d5	0.0	0.0	0.0	0.0	0.0	0.0	0.0	51.0	0.0	0.0	0.0	0.0
b36dc28758f75a308ad1ba47147ff7a3	0.0	0.0	0.0	0.0	0.0	0.0	0.0	0.0	51.0	0.0	0.0	0.0
7e98ca8d205459a47bf282a5020caa66	0.0	0.0	0.0	0.0	0.0	0.0	0.0	0.0	51.0	0.0	0.0	0.0
664edbbe2b01e7040dd33f98a2859ca0	0.0	0.0	0.0	50.0	0.0	0.0	0.0	0.0	0.0	0.0	0.0	0.0
40b0800967652a39de7abef597b8b496	0.0	0.0	0.0	0.0	0.0	0.0	0.0	0.0	50.0	0.0	0.0	0.0
81bded3bea5dc40fb8cdcb8de9d5b78a	0.0	0.0	0.0	0.0	0.0	0.0	49.0	0.0	0.0	0.0	0.0	0.0
ab3feccc9acc15f2c04f421f79c26f85	0.0	0.0	0.0	48.0	0.0	0.0	0.0	0.0	0.0	0.0	0.0	0.0
92c679a59d5c19647d1e449cd8ed9c5f	0.0	0.0	0.0	0.0	0.0	48.0	0.0	0.0	0.0	0.0	0.0	0.0
5983c251c9a43485eb11fe6ef6c47513	47.0	0.0	0.0	0.0	0.0	0.0	0.0	0.0	0.0	0.0	0.0	0.0
e97507276960800e9f78d94b029538a4	0.0	0.0	0.0	47.0	0.0	0.0	0.0	0.0	0.0	0.0	0.0	0.0
a1486151b871c369f57d2cbfd50fcdad	0.0	0.0	0.0	47.0	0.0	0.0	0.0	0.0	0.0	0.0	0.0	0.0
be084fcd14ae5258eb445702f0ef2c47	0.0	0.0	0.0	0.0	0.0	47.0	0.0	0.0	0.0	0.0	0.0	0.0
e9333ce5f0f85ceb8385dbf0d3afaf0b	0.0	0.0	0.0	0.0	0.0	0.0	0.0	0.0	47.0	0.0	0.0	0.0
2036770afd272b2f17bfdf463460598e	0.0	0.0	0.0	0.0	0.0	0.0	46.0	0.0	0.0	0.0	0.0	0.0
b5121cc458893d128f1f66ccb196524d	0.0	45.0	0.0	0.0	0.0	0.0	0.0	0.0	0.0	0.0	0.0	0.0
604746e61a7228c4553a814e80e9fd52	0.0	0.0	0.0	0.0	45.0	0.0	0.0	0.0	0.0	0.0	0.0	0.0
3e0e3810faf32b6e1fe2e6881cbc1bac	0.0	0.0	0.0	0.0	0.0	0.0	0.0	45.0	0.0	0.0	0.0	0.0
279e6539ad756039a43c1c759c8bb8ae	0.0	0.0	0.0	0.0	0.0	0.0	0.0	45.0	0.0	0.0	0.0	0.0
22456835a5a903b2ab62da86523fc6e4	0.0	0.0	0.0	0.0	0.0	0.0	0.0	0.0	45.0	0.0	0.0	0.0
4cc339fed1c57a4d941e164471bcbb53	0.0	0.0	0.0	18.0	26.0	0.0	0.0	0.0	0.0	0.0	0.0	0.0
f548addb9d663148811a824d930f6f38	0.0	0.0	0.0	44.0	0.0	0.0	0.0	0.0	0.0	0.0	0.0	0.0
884507f744400a986b126f4b3e7e806c	0.0	0.0	0.0	0.0	25.0	19.0	0.0	0.0	0.0	0.0	0.0	0.0
0a99163e3353268e4f8757eeed42b695	0.0	0.0	0.0	0.0	44.0	0.0	0.0	0.0	0.0	0.0	0.0	0.0
ef2859f1dae9e404869d379e9ee63426	0.0	0.0	0.0	43.0	0.0	0.0	0.0	0.0	0.0	0.0	0.0	0.0
552369a7acea0456d48d8ce9f03b1b4a	0.0	0.0	0.0	43.0	0.0	0.0	0.0	0.0	0.0	0.0	0.0	0.0
f130331dc0d82a7a87876e901eadbc86	0.0	0.0	0.0	0.0	0.0	0.0	0.0	43.0	0.0	0.0	0.0	0.0
c3f98b19f7eb5a59f4c34fe2f261298f	0.0	0.0	0.0	0.0	0.0	42.0	0.0	0.0	0.0	0.0	0.0	0.0
c23338f7a6961f249ee7e75e851220b8	0.0	0.0	0.0	0.0	0.0	0.0	0.0	42.0	0.0	0.0	0.0	0.0
8cd20fc93c865e157d28d3979d73e183	0.0	0.0	0.0	0.0	0.0	0.0	0.0	42.0	0.0	0.0	0.0	0.0
ed224b675846e81c335a75a4d5f190b9	0.0	0.0	0.0	0.0	0.0	0.0	0.0	0.0	42.0	0.0	0.0	0.0
d3626ea2954e2be33b6d91a5e7840d02	0.0	0.0	0.0	0.0	0.0	41.0	0.0	0.0	0.0	0.0	0.0	0.0
85704fa2f7a5c68b3fc5e7f1d6cb0623	0.0	0.0	0.0	0.0	0.0	0.0	41.0	0.0	0.0	0.0	0.0	0.0
37a6fe99188587fc54dd7ae2cdf1f2a9	0.0	0.0	0.0	0.0	0.0	0.0	0.0	0.0	0.0	0.0	41.0	0.0
f02b79af7ea6aceedeb9c909fcbf5eb6	0.0	0.0	40.0	0.0	0.0	0.0	0.0	0.0	0.0	0.0	0.0	0.0
366aae1f6d7cefadbb3ddb83e24eed7a	0.0	0.0	0.0	40.0	0.0	0.0	0.0	0.0	0.0	0.0	0.0	0.0
9c0266b6792d9079cd2ab4c57f8475b4	0.0	0.0	0.0	0.0	40.0	0.0	0.0	0.0	0.0	0.0	0.0	0.0
9605eb4c86b0726029d1b57ed8788156	0.0	0.0	0.0	0.0	40.0	0.0	0.0	0.0	0.0	0.0	0.0	0.0
9a33034709eed6d92740fd34ab48ba5c	0.0	0.0	0.0	0.0	0.0	40.0	0.0	0.0	0.0	0.0	0.0	0.0
b60661686880ff5accbd606ba4356162	0.0	0.0	0.0	0.0	0.0	0.0	40.0	0.0	0.0	0.0	0.0	0.0
3e8eb0e02f09545525ba6b8b87abb147	0.0	0.0	0.0	39.0	0.0	0.0	0.0	0.0	0.0	0.0	0.0	0.0
ff4eb97fde745cf98ed4a2d2c77253f8	0.0	0.0	0.0	0.0	39.0	0.0	0.0	0.0	0.0	0.0	0.0	0.0
f199c093794016f718e2655cecebc9cc	0.0	0.0	0.0	0.0	0.0	0.0	39.0	0.0	0.0	0.0	0.0	0.0
a9606e5d397c7a4b21c240daa2059473	0.0	0.0	0.0	0.0	0.0	0.0	0.0	0.0	39.0	0.0	0.0	0.0
79a76838da1fd1c02db6eda17bf809c1	0.0	0.0	0.0	38.0	0.0	0.0	0.0	0.0	0.0	0.0	0.0	0.0
05b9c36bf3b40d29bd4c74e44a1679c2	0.0	0.0	0.0	0.0	0.0	0.0	24.0	14.0	0.0	0.0	0.0	0.0
f3d3defa4bf571afaf8e69a5b6ebf719	0.0	0.0	0.0	0.0	0.0	0.0	38.0	0.0	0.0	0.0	0.0	0.0
0f428e20baf067d09db8cf84fb929d23	0.0	0.0	0.0	0.0	0.0	0.0	37.0	0.0	0.0	0.0	0.0	0.0
7a7304fe9e675b5661e417d6dd451ee1	0.0	0.0	0.0	36.0	0.0	0.0	0.0	0.0	0.0	0.0	0.0	0.0
b09c2fdd083fdfb42f94eb07c3882a12	0.0	0.0	0.0	0.0	36.0	0.0	0.0	0.0	0.0	0.0	0.0	0.0
74cee595625f0b8cbcbccbc47215b5b0	0.0	0.0	0.0	0.0	0.0	36.0	0.0	0.0	0.0	0.0	0.0	0.0
47f4c86590a1b99f215159a9fa1681c0	0.0	0.0	0.0	0.0	0.0	0.0	36.0	0.0	0.0	0.0	0.0	0.0
e43d1f13e57a968ef7774e396c1260f3	0.0	0.0	0.0	0.0	0.0	0.0	0.0	0.0	36.0	0.0	0.0	0.0
5117018f7019feafb0c5263c50171fe8	0.0	35.0	0.0	0.0	0.0	0.0	0.0	0.0	0.0	0.0	0.0	0.0
14ba3ea9eec173f1bf2686e73f7e7eca	0.0	21.0	0.0	0.0	0.0	0.0	0.0	0.0	0.0	0.0	0.0	0.0
a37c3ce9ba504a6a8d7ddb87ac4f620b	0.0	0.0	0.0	35.0	0.0	0.0	0.0	0.0	0.0	0.0	0.0	0.0
7756a3cbd4588cd923cb4ebcd3af80aa	0.0	0.0	0.0	0.0	35.0	0.0	0.0	0.0	0.0	0.0	0.0	0.0
2860233c2187afc8c542cdd4d0cc7e66	0.0	0.0	0.0	0.0	35.0	0.0	0.0	0.0	0.0	0.0	0.0	0.0
b7beed04c3b76880cd97a492f4c93a2e	0.0	0.0	0.0	0.0	0.0	0.0	35.0	0.0	0.0	0.0	0.0	0.0
6173a1120005599206d43e949799818c	0.0	0.0	0.0	0.0	0.0	0.0	0.0	0.0	0.0	0.0	35.0	0.0
f318c06121c853be29c08792e8ddd4f8	34.0	0.0	0.0	0.0	0.0	0.0	0.0	0.0	0.0	0.0	0.0	0.0
7826217762a0540d076e44d27d89def7	0.0	0.0	0.0	34.0	0.0	0.0	0.0	0.0	0.0	0.0	0.0	0.0
8c2caf537e3cb3e1e56ccab8302b4314	0.0	0.0	0.0	0.0	34.0	0.0	0.0	0.0	0.0	0.0	0.0	0.0
2706b1b91f74d7bab69891fa81653a27	0.0	0.0	0.0	0.0	0.0	34.0	0.0	0.0	0.0	0.0	0.0	0.0
ed383b07de4b21ccc9125bbde9c38029	0.0	0.0	0.0	0.0	0.0	0.0	0.0	34.0	0.0	0.0	0.0	0.0
1f046594c5d60b99f66427d6571f0817	0.0	0.0	0.0	0.0	0.0	0.0	0.0	0.0	0.0	0.0	34.0	0.0
22eff2f2dd80b45679c331064be6482f	0.0	0.0	33.0	0.0	0.0	0.0	0.0	0.0	0.0	0.0	0.0	0.0
5a02ad2bcb8a9327e883ac484d138afa	0.0	0.0	0.0	33.0	0.0	0.0	0.0	0.0	0.0	0.0	0.0	0.0
c996f71b4b91e158fad08c4c566b8f3b	0.0	0.0	0.0	0.0	0.0	33.0	0.0	0.0	0.0	0.0	0.0	0.0
7be805e9c38bfa1698235dd0299a3f69	0.0	0.0	0.0	0.0	0.0	33.0	0.0	0.0	0.0	0.0	0.0	0.0
ea957843aba0982e4a6c6dd9ad43abb1	0.0	0.0	0.0	0.0	0.0	0.0	33.0	0.0	0.0	0.0	0.0	0.0
3251524e8be3fb8736b6499cadb4bebe	0.0	0.0	0.0	0.0	0.0	0.0	0.0	33.0	0.0	0.0	0.0	0.0
e53ddad4406f289946a5b34c5ed90f63	0.0	0.0	0.0	0.0	0.0	0.0	0.0	0.0	0.0	0.0	0.0	33.0
478c81a0d046a809612265f5856526c3	0.0	0.0	0.0	32.0	0.0	0.0	0.0	0.0	0.0	0.0	0.0	0.0
62179a04a772cb37f2f2264bd672d638	0.0	0.0	0.0	0.0	32.0	0.0	0.0	0.0	0.0	0.0	0.0	0.0
1c662258b6a8cb6e89e1c0b402e66048	0.0	0.0	0.0	0.0	0.0	32.0	0.0	0.0	0.0	0.0	0.0	0.0
0b2d689e7baac45c2870096ee1c1bd83	0.0	0.0	0.0	0.0	0.0	32.0	0.0	0.0	0.0	0.0	0.0	0.0
7cfd778c33f1142da03a24ec0d0fe565	0.0	0.0	0.0	0.0	0.0	0.0	0.0	0.0	0.0	0.0	0.0	32.0
c22924b67196f08813509cf1bf6f9e55	0.0	0.0	0.0	31.0	0.0	0.0	0.0	0.0	0.0	0.0	0.0	0.0
5366cb872b255637ca24a2d0da9276e3	0.0	0.0	0.0	0.0	0.0	31.0	0.0	0.0	0.0	0.0	0.0	0.0
467c72df445fd391111bd8c7833571a7	0.0	0.0	0.0	0.0	0.0	31.0	0.0	0.0	0.0	0.0	0.0	0.0
17a2e7d55dbe187e9e3142b4e0e869c7	0.0	0.0	0.0	0.0	0.0	0.0	0.0	0.0	0.0	0.0	31.0	0.0
32fcb8abe6fe00c96b68fa60e63e175d	0.0	0.0	30.0	0.0	0.0	0.0	0.0	0.0	0.0	0.0	0.0	0.0
05d300bece9b75c415d94c2a2a89a855	0.0	0.0	0.0	0.0	30.0	0.0	0.0	0.0	0.0	0.0	0.0	0.0
9f849b89af769fba045cfaebc1973674	0.0	0.0	0.0	0.0	30.0	0.0	0.0	0.0	0.0	0.0	0.0	0.0
34ec6397474a3daf8e2fa8102b573112	0.0	0.0	0.0	0.0	30.0	0.0	0.0	0.0	0.0	0.0	0.0	0.0
b0824903686a2b736879d80323b3ba95	0.0	0.0	0.0	0.0	0.0	0.0	0.0	0.0	30.0	0.0	0.0	0.0
93ed5fa89db90da2b00eed5633160a87	0.0	0.0	0.0	0.0	0.0	0.0	0.0	0.0	0.0	30.0	0.0	0.0
9921d61ff875fdfe0f34695f47363bcb	0.0	0.0	0.0	29.0	0.0	0.0	0.0	0.0	0.0	0.0	0.0	0.0
b98f6afe01d4605c2fc0d486e815b182	0.0	0.0	0.0	29.0	0.0	0.0	0.0	0.0	0.0	0.0	0.0	0.0
92d1bae6193580d2baf6463df7f28f43	0.0	0.0	0.0	0.0	29.0	0.0	0.0	0.0	0.0	0.0	0.0	0.0
604f8be29fae41a484e94c134d739234	0.0	0.0	0.0	0.0	0.0	29.0	0.0	0.0	0.0	0.0	0.0	0.0
56f94063f5a6cc5f3b140a4f654880f0	0.0	0.0	0.0	0.0	0.0	29.0	0.0	0.0	0.0	0.0	0.0	0.0
af171432c6e5118f9175dcfcf4226886	0.0	0.0	0.0	0.0	0.0	29.0	0.0	0.0	0.0	0.0	0.0	0.0
706e4b8b584ff77678ce1bb5641b06af	0.0	0.0	28.0	0.0	0.0	0.0	0.0	0.0	0.0	0.0	0.0	0.0
3e46a04205022897da8f46068b2d50e0	0.0	0.0	0.0	28.0	0.0	0.0	0.0	0.0	0.0	0.0	0.0	0.0
e4860db0674914faf4e132c84b901b1a	0.0	0.0	0.0	28.0	0.0	0.0	0.0	0.0	0.0	0.0	0.0	0.0
965fd5c122b84421b4b13c8d8e868e3a	0.0	0.0	0.0	28.0	0.0	0.0	0.0	0.0	0.0	0.0	0.0	0.0
f770d93d7f3a6ab3e398684ae3f62e71	0.0	0.0	0.0	0.0	28.0	0.0	0.0	0.0	0.0	0.0	0.0	0.0
3feb3446c37eb6d08ba74dc428c4ce1b	0.0	0.0	0.0	0.0	28.0	0.0	0.0	0.0	0.0	0.0	0.0	0.0
f3bba9c3da8c52e243b51f6e3c1b5e93	0.0	0.0	0.0	0.0	0.0	0.0	28.0	0.0	0.0	0.0	0.0	0.0
74a487f3f92b4e9ec87eaaac99f26fa9	0.0	0.0	0.0	27.0	0.0	0.0	0.0	0.0	0.0	0.0	0.0	0.0
e8cf4be39c2c8fc8a5c97b29416d425d	0.0	0.0	0.0	0.0	0.0	27.0	0.0	0.0	0.0	0.0	0.0	0.0
d42fd6f59c177ec13882f3fa56be6910	0.0	0.0	0.0	0.0	0.0	0.0	0.0	0.0	27.0	0.0	0.0	0.0
0e3b53b5b06bc3183e71be656b15a382	0.0	26.0	0.0	0.0	0.0	0.0	0.0	0.0	0.0	0.0	0.0	0.0
bb0879baf8aced96a0c55615f1b91d98	0.0	0.0	0.0	26.0	0.0	0.0	0.0	0.0	0.0	0.0	0.0	0.0
286d0d8b94ebe84f96e50ee8520417ba	0.0	0.0	0.0	0.0	26.0	0.0	0.0	0.0	0.0	0.0	0.0	0.0
96d0dac4438f74caf424c5bc2247ab4a	0.0	0.0	0.0	0.0	15.0	0.0	0.0	0.0	0.0	0.0	0.0	0.0
f3e98798f522060b62dd75c3e69a778c	0.0	0.0	0.0	0.0	0.0	26.0	0.0	0.0	0.0	0.0	0.0	0.0
478233f93bae40b581b24785e48721ea	0.0	0.0	0.0	0.0	0.0	0.0	0.0	0.0	0.0	0.0	26.0	0.0
df0aa4daab69a08fb778247911fca581	25.0	0.0	0.0	0.0	0.0	0.0	0.0	0.0	0.0	0.0	0.0	0.0
ae4d08ba21493fa8aa3f832f63d75be7	0.0	0.0	25.0	0.0	0.0	0.0	0.0	0.0	0.0	0.0	0.0	0.0
f6faa9963eef5d2a6522a34c74844551	0.0	0.0	0.0	0.0	25.0	0.0	0.0	0.0	0.0	0.0	0.0	0.0
cfa937ada45768c1e124a5e8d70e25ae	0.0	0.0	0.0	0.0	25.0	0.0	0.0	0.0	0.0	0.0	0.0	0.0
a4bbc389e4a9e2886b4f444ab5233597	0.0	0.0	0.0	0.0	0.0	0.0	25.0	0.0	0.0	0.0	0.0	0.0
aeadb07bd134cbcf01a3c1eef389a091	0.0	0.0	0.0	0.0	0.0	0.0	0.0	25.0	0.0	0.0	0.0	0.0
6afd8bf90d84c7d718fe7c77b86af8ab	0.0	0.0	0.0	0.0	0.0	0.0	0.0	25.0	0.0	0.0	0.0	0.0
eb027d0df7aff52e28c74bd75d464dca	0.0	0.0	0.0	0.0	0.0	0.0	0.0	0.0	0.0	0.0	0.0	25.0
e36598b4ffffd5490fb16e0561d4e56e	0.0	0.0	0.0	24.0	0.0	0.0	0.0	0.0	0.0	0.0	0.0	0.0
efd24a36012e042c5a9226af7c7d158a	0.0	0.0	0.0	0.0	24.0	0.0	0.0	0.0	0.0	0.0	0.0	0.0
6a8468c537ffe824b015a618371d362d	0.0	0.0	0.0	0.0	0.0	24.0	0.0	0.0	0.0	0.0	0.0	0.0
bfe3a18aa0dc5218d8b627d0981ffce1	0.0	0.0	0.0	0.0	0.0	24.0	0.0	0.0	0.0	0.0	0.0	0.0
b69340b69577b54d0df5a85d09b57b56	0.0	0.0	0.0	0.0	23.0	0.0	0.0	0.0	0.0	0.0	0.0	0.0
50d8d4b624b1109e6c126f296fc86890	0.0	0.0	0.0	0.0	23.0	0.0	0.0	0.0	0.0	0.0	0.0	0.0
3e47b0c2fe7748b94689c1876eab19e4	0.0	0.0	0.0	0.0	0.0	23.0	0.0	0.0	0.0	0.0	0.0	0.0
a9c94ac6c36779af666913383624c68d	0.0	0.0	0.0	0.0	0.0	23.0	0.0	0.0	0.0	0.0	0.0	0.0
3c926efc31ade7a6c3becdd0960a7dc1	0.0	0.0	0.0	0.0	0.0	0.0	0.0	0.0	23.0	0.0	0.0	0.0
7d15fe9585b46fdeae6137a064cf3bb8	0.0	0.0	0.0	0.0	0.0	0.0	0.0	0.0	0.0	0.0	23.0	0.0
aa9758c909ca208b139ec8ceefc91078	0.0	0.0	0.0	22.0	0.0	0.0	0.0	0.0	0.0	0.0	0.0	0.0
51778abeb3e8dd2ff118604043b129e2	0.0	0.0	0.0	22.0	0.0	0.0	0.0	0.0	0.0	0.0	0.0	0.0
2c231304be66fff7b00d078504db49d9	0.0	0.0	0.0	0.0	22.0	0.0	0.0	0.0	0.0	0.0	0.0	0.0
0ff92c2c4bbb54cadccb62d18a16a90b	0.0	0.0	0.0	0.0	22.0	0.0	0.0	0.0	0.0	0.0	0.0	0.0
d520b69c35cf9d312f5dd108152c7db4	0.0	0.0	0.0	0.0	22.0	0.0	0.0	0.0	0.0	0.0	0.0	0.0
f832c55fec2c56da1bd0b75efd87ae08	0.0	0.0	0.0	0.0	0.0	16.0	6.0	0.0	0.0	0.0	0.0	0.0
7f3cda21a812649c4c7c6bc9dc434360	0.0	0.0	0.0	0.0	0.0	22.0	0.0	0.0	0.0	0.0	0.0	0.0
a8c6136f5f0881a9f2921c66c1406c1c	0.0	0.0	0.0	0.0	0.0	22.0	0.0	0.0	0.0	0.0	0.0	0.0
b3eb69656d8426f46bd7ec364a72e556	0.0	0.0	0.0	0.0	0.0	22.0	0.0	0.0	0.0	0.0	0.0	0.0
89f750001502ad014e9a3a933d0c3ed8	0.0	0.0	0.0	21.0	0.0	0.0	0.0	0.0	0.0	0.0	0.0	0.0
7eb21b6b6af8097f59780d9b6574e1f1	0.0	0.0	0.0	21.0	0.0	0.0	0.0	0.0	0.0	0.0	0.0	0.0
62a109a9dd4a5bbed95254a5eba20c2d	0.0	0.0	0.0	0.0	21.0	0.0	0.0	0.0	0.0	0.0	0.0	0.0
bea9260ac0b44561c1899022fcfb2a61	0.0	0.0	0.0	0.0	0.0	0.0	21.0	0.0	0.0	0.0	0.0	0.0
ce57f88d073694ec81aaa494590d9196	0.0	0.0	0.0	0.0	0.0	0.0	0.0	21.0	0.0	0.0	0.0	0.0
aaeaae571029604ce85fd4b5a9aa1872	0.0	0.0	0.0	0.0	0.0	0.0	0.0	0.0	21.0	0.0	0.0	0.0
a472d0534ae73315742ec8f257f7c753	20.0	0.0	0.0	0.0	0.0	0.0	0.0	0.0	0.0	0.0	0.0	0.0
29a50ea8a260f6cd9e2c6a56de2da4da	0.0	0.0	0.0	20.0	0.0	0.0	0.0	0.0	0.0	0.0	0.0	0.0
3d16981d0b1098e452e37b37cb41cd14	0.0	0.0	0.0	20.0	0.0	0.0	0.0	0.0	0.0	0.0	0.0	0.0
fd6ed28999f8b8c5c95839ed0e723f9b	0.0	0.0	0.0	0.0	20.0	0.0	0.0	0.0	0.0	0.0	0.0	0.0
3b18d5c4ea3d08d5cefd39a3261c0cee	0.0	0.0	0.0	0.0	0.0	20.0	0.0	0.0	0.0	0.0	0.0	0.0
12337f81b487871b847d975dc241f78e	0.0	0.0	0.0	0.0	0.0	20.0	0.0	0.0	0.0	0.0	0.0	0.0
1875507ec89a5b434a08fbe6a6aa3201	0.0	0.0	0.0	0.0	0.0	0.0	20.0	0.0	0.0	0.0	0.0	0.0
7d3ad81799ddb84682822e41e8a26959	0.0	0.0	0.0	0.0	0.0	0.0	20.0	0.0	0.0	0.0	0.0	0.0
c8f3bfe5f1d0457d7dae913ea3d464c0	0.0	0.0	0.0	0.0	0.0	0.0	0.0	0.0	0.0	20.0	0.0	0.0
66ed173e1cd69671524b7cfd0e952943	0.0	0.0	0.0	19.0	0.0	0.0	0.0	0.0	0.0	0.0	0.0	0.0
c56d8a07ac163f10909232130ac739b1	0.0	0.0	0.0	0.0	19.0	0.0	0.0	0.0	0.0	0.0	0.0	0.0
d2f8a836959fe445a3697b9dfb7e576b	0.0	0.0	0.0	0.0	19.0	0.0	0.0	0.0	0.0	0.0	0.0	0.0
853e4abf6b12cecaa834ed1e816c4f02	0.0	0.0	0.0	0.0	19.0	0.0	0.0	0.0	0.0	0.0	0.0	0.0
2882d4fe7415a2ddc37380689f8b5076	0.0	0.0	0.0	0.0	19.0	0.0	0.0	0.0	0.0	0.0	0.0	0.0
5e5438f3f16438ab10949fb6c849692b	0.0	0.0	0.0	0.0	0.0	19.0	0.0	0.0	0.0	0.0	0.0	0.0
52c536d824ca5c9d768c354bed15f067	0.0	0.0	0.0	0.0	0.0	19.0	0.0	0.0	0.0	0.0	0.0	0.0
7573849cca383b6dc71e75639e040abb	0.0	0.0	0.0	0.0	0.0	0.0	19.0	0.0	0.0	0.0	0.0	0.0
2506722bb4aca6e7d7134c2900a363b3	0.0	0.0	0.0	0.0	0.0	0.0	19.0	0.0	0.0	0.0	0.0	0.0
e9e968a895c1b7735b79cb08f94516cf	0.0	0.0	0.0	0.0	0.0	0.0	0.0	0.0	19.0	0.0	0.0	0.0
030514b2b8dcb0aa293299770e2cec7b	0.0	0.0	0.0	0.0	0.0	0.0	0.0	0.0	19.0	0.0	0.0	0.0
34736fe25b6b941907d1becbca9c18b3	0.0	0.0	0.0	0.0	0.0	0.0	0.0	0.0	0.0	0.0	19.0	0.0
c7ae5ef9d2ea697ffa6f7fd40a2a1994	0.0	0.0	0.0	0.0	0.0	0.0	0.0	0.0	0.0	0.0	0.0	19.0
d0a18256a1471e93efb0e3efcddbfe49	18.0	0.0	0.0	0.0	0.0	0.0	0.0	0.0	0.0	0.0	0.0	0.0
79bb42916c4424ae59156570bbe60813	0.0	0.0	0.0	18.0	0.0	0.0	0.0	0.0	0.0	0.0	0.0	0.0
23deca387a1d418d2a1b5b04144fc977	0.0	0.0	0.0	18.0	0.0	0.0	0.0	0.0	0.0	0.0	0.0	0.0
ddd05b65ae45e2a0f6c0cf1b807c1dbd	0.0	0.0	0.0	0.0	18.0	0.0	0.0	0.0	0.0	0.0	0.0	0.0
ead01d5043902b13638a79ed05b2588f	0.0	0.0	0.0	0.0	18.0	0.0	0.0	0.0	0.0	0.0	0.0	0.0
7987b46d31cfe34e2005286bdae9b1eb	0.0	0.0	0.0	0.0	18.0	0.0	0.0	0.0	0.0	0.0	0.0	0.0
c375a87c157cfed781c8d99d90a79f6d	0.0	0.0	0.0	0.0	0.0	0.0	18.0	0.0	0.0	0.0	0.0	0.0
df0d1d48cce782ba2fb05c0b40724074	0.0	0.0	0.0	0.0	0.0	0.0	18.0	0.0	0.0	0.0	0.0	0.0
145a2789228c261c2bc684e3de219e06	0.0	0.0	0.0	0.0	0.0	0.0	0.0	18.0	0.0	0.0	0.0	0.0
8caf979f7c2880b9d0223e234117325c	0.0	0.0	0.0	0.0	0.0	0.0	0.0	0.0	18.0	0.0	0.0	0.0
bb78bababcc2953072fb3dea592e9671	0.0	0.0	0.0	0.0	0.0	0.0	0.0	0.0	18.0	0.0	0.0	0.0
5b0a601ca227edddb57410200dda00eb	0.0	0.0	0.0	0.0	0.0	0.0	0.0	0.0	0.0	0.0	0.0	18.0
a6f797ad97c63af281d0b0153b69250e	0.0	17.0	0.0	0.0	0.0	0.0	0.0	0.0	0.0	0.0	0.0	0.0
6bb3d99125e7b9739a11e0a1a136b701	0.0	0.0	0.0	17.0	0.0	0.0	0.0	0.0	0.0	0.0	0.0	0.0
24936cb27e513d77b263c5c4b75a49c2	0.0	0.0	0.0	17.0	0.0	0.0	0.0	0.0	0.0	0.0	0.0	0.0
e348743a4543a897b7df1cf28b9154f9	0.0	0.0	0.0	0.0	0.0	17.0	0.0	0.0	0.0	0.0	0.0	0.0
38647b1839cdb69ef4c7e1cc2de76832	0.0	0.0	0.0	0.0	0.0	0.0	17.0	0.0	0.0	0.0	0.0	0.0
cc2b6ed5f60a71216bde6aacdbdc2832	0.0	0.0	0.0	0.0	0.0	0.0	0.0	17.0	0.0	0.0	0.0	0.0
27a73ddea4333a8562d5f7d11bd619fa	0.0	0.0	0.0	0.0	0.0	0.0	0.0	0.0	17.0	0.0	0.0	0.0
be26a357b76d2707b38b7b0303ee79a3	0.0	0.0	0.0	0.0	0.0	0.0	0.0	0.0	0.0	0.0	17.0	0.0
a0d6aada33eed73ec04d60c72ad0587d	0.0	16.0	0.0	0.0	0.0	0.0	0.0	0.0	0.0	0.0	0.0	0.0
cf83fd27e19ecef581864522d8fcd4fd	0.0	0.0	16.0	0.0	0.0	0.0	0.0	0.0	0.0	0.0	0.0	0.0
dc02709aa2ecb065f202d706b0c2e09d	0.0	0.0	0.0	16.0	0.0	0.0	0.0	0.0	0.0	0.0	0.0	0.0
e1b08436a89ea58fb719938bd39acc9f	0.0	0.0	0.0	0.0	16.0	0.0	0.0	0.0	0.0	0.0	0.0	0.0
471ab753e7975d006d65b3da9017b501	0.0	0.0	0.0	0.0	0.0	16.0	0.0	0.0	0.0	0.0	0.0	0.0
17072644d10ff58be6613690538fffb9	0.0	0.0	0.0	0.0	0.0	16.0	0.0	0.0	0.0	0.0	0.0	0.0
a2630ff360e0380efff7b450e8020748	0.0	0.0	0.0	0.0	0.0	0.0	16.0	0.0	0.0	0.0	0.0	0.0
fea1f1adaafa2dbf4e6bee8fd3369fda	0.0	0.0	0.0	0.0	0.0	0.0	0.0	16.0	0.0	0.0	0.0	0.0
1e0fbf8de36677d2ded07917d569ca83	0.0	0.0	0.0	0.0	0.0	0.0	0.0	0.0	16.0	0.0	0.0	0.0
5953e762a9191fe76a425b80738972e3	0.0	0.0	0.0	0.0	0.0	0.0	0.0	0.0	16.0	0.0	0.0	0.0
57d08e81a9a619ff1795c55917b97668	0.0	0.0	0.0	15.0	0.0	0.0	0.0	0.0	0.0	0.0	0.0	0.0
d897ff9f381baf31e069040f6eb66391	0.0	0.0	0.0	15.0	0.0	0.0	0.0	0.0	0.0	0.0	0.0	0.0
470c4d91b6ed43e104bcc1675e8d4e2e	0.0	0.0	0.0	15.0	0.0	0.0	0.0	0.0	0.0	0.0	0.0	0.0
03b4e60937c4ac51ad2f51d03a079bc5	0.0	0.0	0.0	0.0	15.0	0.0	0.0	0.0	0.0	0.0	0.0	0.0
52118ff75c306b681c89a8f32267c47a	0.0	0.0	0.0	0.0	15.0	0.0	0.0	0.0	0.0	0.0	0.0	0.0
a4e1555c2dbeac4dc9ca92db617e0381	0.0	0.0	0.0	0.0	15.0	0.0	0.0	0.0	0.0	0.0	0.0	0.0
6b30d8ae1c6209a6dc063a26234ffcbd	0.0	0.0	0.0	0.0	0.0	15.0	0.0	0.0	0.0	0.0	0.0	0.0
d773c9785bb022057281c272a0de5812	0.0	0.0	0.0	0.0	0.0	15.0	0.0	0.0	0.0	0.0	0.0	0.0
49968cbc64493f65261614b84cb390b6	0.0	0.0	0.0	0.0	0.0	15.0	0.0	0.0	0.0	0.0	0.0	0.0
23ce2a6b2dcbc49cd993332b56001376	0.0	0.0	0.0	0.0	0.0	0.0	0.0	15.0	0.0	0.0	0.0	0.0
d611b32b18213338a65d0f490776b4de	0.0	0.0	0.0	0.0	0.0	0.0	0.0	0.0	0.0	0.0	15.0	0.0
5f3b388c3a04f593588673869db2c81e	0.0	0.0	0.0	0.0	0.0	0.0	0.0	0.0	0.0	0.0	0.0	15.0
597d111d615398281d0eae6997984c09	0.0	0.0	0.0	14.0	0.0	0.0	0.0	0.0	0.0	0.0	0.0	0.0
7ccf7a722d3709a184ff57f160201fe4	0.0	0.0	0.0	14.0	0.0	0.0	0.0	0.0	0.0	0.0	0.0	0.0
fa88635d27403767131356a63f67f1db	0.0	0.0	0.0	14.0	0.0	0.0	0.0	0.0	0.0	0.0	0.0	0.0
ac1ec970e7f8051a00a16cbdabbd5c7a	0.0	0.0	0.0	0.0	14.0	0.0	0.0	0.0	0.0	0.0	0.0	0.0
e403fc42aa04fe4c710ff73a4b152283	0.0	0.0	0.0	0.0	14.0	0.0	0.0	0.0	0.0	0.0	0.0	0.0
057fd7d6824d16dfb844e343a6324059	0.0	0.0	0.0	0.0	14.0	0.0	0.0	0.0	0.0	0.0	0.0	0.0
b930281baf785b802fd66613b19097c4	0.0	0.0	0.0	0.0	14.0	0.0	0.0	0.0	0.0	0.0	0.0	0.0
c382377d31fbbea6faadc778ae0d66a8	0.0	0.0	0.0	0.0	0.0	14.0	0.0	0.0	0.0	0.0	0.0	0.0
e6e1f3d33e952074ed62ef3f43766b4a	0.0	0.0	0.0	0.0	0.0	14.0	0.0	0.0	0.0	0.0	0.0	0.0
7708505955feeec5b223b7acb4ab357d	0.0	0.0	0.0	0.0	0.0	14.0	0.0	0.0	0.0	0.0	0.0	0.0
dc543c76e9192d67b0f8395d07c2c586	0.0	0.0	0.0	0.0	0.0	14.0	0.0	0.0	0.0	0.0	0.0	0.0
73ba76a76004bc14001805d2e3a648f6	0.0	0.0	0.0	0.0	0.0	0.0	14.0	0.0	0.0	0.0	0.0	0.0
a7a0c27f7f5b26c7df1e23b92e91208f	0.0	0.0	0.0	0.0	0.0	0.0	14.0	0.0	0.0	0.0	0.0	0.0
03ba35af5e40dc47e98b3d718c17178d	0.0	0.0	0.0	0.0	0.0	0.0	14.0	0.0	0.0	0.0	0.0	0.0
1bc54140a3de934224b35902c1810980	0.0	0.0	0.0	0.0	0.0	0.0	0.0	14.0	0.0	0.0	0.0	0.0
777e45ab727db882cac14cae7451e1aa	0.0	0.0	0.0	0.0	0.0	0.0	0.0	0.0	14.0	0.0	0.0	0.0
c46ca3f1f0f3512f143c1554a7d4ca3d	0.0	0.0	0.0	0.0	0.0	0.0	0.0	0.0	0.0	0.0	0.0	14.0
3a74ca62d40e5e2a55f00ec4365bf136	0.0	13.0	0.0	0.0	0.0	0.0	0.0	0.0	0.0	0.0	0.0	0.0
e878e6a40f5b1fbb21cf7be9461788b7	0.0	13.0	0.0	0.0	0.0	0.0	0.0	0.0	0.0	0.0	0.0	0.0
df014ffab9d4a2117521d0b55430ba4c	0.0	0.0	0.0	13.0	0.0	0.0	0.0	0.0	0.0	0.0	0.0	0.0
9c9d2f9fb4e0900c798918f8d3c057e3	0.0	0.0	0.0	13.0	0.0	0.0	0.0	0.0	0.0	0.0	0.0	0.0
7ce653d60af76390f52dd408e664cdfd	0.0	0.0	0.0	13.0	0.0	0.0	0.0	0.0	0.0	0.0	0.0	0.0
b66613675fe90e37774026c1999e066a	0.0	0.0	0.0	13.0	0.0	0.0	0.0	0.0	0.0	0.0	0.0	0.0
dda6f3c8bb4152548d8d2ef22952ffa7	0.0	0.0	0.0	0.0	13.0	0.0	0.0	0.0	0.0	0.0	0.0	0.0
d5bab94dbc54e0e8d673a823098a7567	0.0	0.0	0.0	0.0	13.0	0.0	0.0	0.0	0.0	0.0	0.0	0.0
121e7ff20a22d288c7f01ef8164759a0	0.0	0.0	0.0	0.0	13.0	0.0	0.0	0.0	0.0	0.0	0.0	0.0
b3bb12e333884e88e151acd0430c0f23	0.0	0.0	0.0	0.0	0.0	13.0	0.0	0.0	0.0	0.0	0.0	0.0
4d71b95267b440cd39d2136a79d2d416	0.0	0.0	0.0	0.0	0.0	13.0	0.0	0.0	0.0	0.0	0.0	0.0
b47c25339532059a3dd5280a31375c6e	0.0	0.0	0.0	0.0	0.0	13.0	0.0	0.0	0.0	0.0	0.0	0.0
2ba5db63ac25be1bb552e61bb6498b99	0.0	0.0	0.0	0.0	0.0	0.0	13.0	0.0	0.0	0.0	0.0	0.0
91c068f048d93653cf1f012eac7110b5	0.0	0.0	0.0	0.0	0.0	0.0	13.0	0.0	0.0	0.0	0.0	0.0
26daaf2d0f60fc51f88423c5f3c4f44c	0.0	0.0	0.0	0.0	0.0	0.0	13.0	0.0	0.0	0.0	0.0	0.0
2756f1a453ee571cde23a887d2617bd1	0.0	0.0	0.0	0.0	0.0	0.0	13.0	0.0	0.0	0.0	0.0	0.0
886755fa6adb6b1a8006dbce266f9a5f	0.0	0.0	0.0	0.0	0.0	0.0	0.0	0.0	13.0	0.0	0.0	0.0
5e6cc75ac383449f78499f7b535272d4	0.0	0.0	0.0	0.0	0.0	0.0	0.0	0.0	13.0	0.0	0.0	0.0
1dc6ff557e88225d21a750163774ff55	0.0	0.0	0.0	0.0	0.0	0.0	0.0	0.0	13.0	0.0	0.0	0.0
ba851e301879528ff2a14788ee154c2e	0.0	0.0	0.0	0.0	0.0	0.0	0.0	0.0	0.0	0.0	0.0	13.0
3550fc86913adf817a5007c22931fbfe	0.0	0.0	0.0	12.0	0.0	0.0	0.0	0.0	0.0	0.0	0.0	0.0
4f7bc819d0ba28cc96632894c7d2d55e	0.0	0.0	0.0	12.0	0.0	0.0	0.0	0.0	0.0	0.0	0.0	0.0
940df954a1645b89e9543afe8a0e3875	0.0	0.0	0.0	12.0	0.0	0.0	0.0	0.0	0.0	0.0	0.0	0.0
0b9e695f58687b1b8327679de01e07a8	0.0	0.0	0.0	0.0	12.0	0.0	0.0	0.0	0.0	0.0	0.0	0.0
019d8f80011e7d67eceb3e12b1ddad8b	0.0	0.0	0.0	0.0	12.0	0.0	0.0	0.0	0.0	0.0	0.0	0.0
58e322978a383a278a7c6bc52517cb18	0.0	0.0	0.0	0.0	12.0	0.0	0.0	0.0	0.0	0.0	0.0	0.0
b2f622ac6027ca5337306aac1d827588	0.0	0.0	0.0	0.0	0.0	12.0	0.0	0.0	0.0	0.0	0.0	0.0
cee6ae6d98cd40395715a546fe68256c	0.0	0.0	0.0	0.0	0.0	12.0	0.0	0.0	0.0	0.0	0.0	0.0
45088557e916e0fafc3e4bf9517c58e5	0.0	0.0	0.0	0.0	0.0	12.0	0.0	0.0	0.0	0.0	0.0	0.0
45eb55d28893bdd2b901768171d46003	0.0	0.0	0.0	0.0	0.0	12.0	0.0	0.0	0.0	0.0	0.0	0.0
9e69d4bb7cad8e02cbf5b3aa23980d09	0.0	0.0	0.0	0.0	0.0	0.0	12.0	0.0	0.0	0.0	0.0	0.0
9ed82fe009d2b279c745dc4bde3d0583	0.0	0.0	0.0	0.0	0.0	0.0	0.0	12.0	0.0	0.0	0.0	0.0
ef3e87f4c994b98ca7f4e31509d6fcad	0.0	0.0	0.0	0.0	0.0	0.0	0.0	12.0	0.0	0.0	0.0	0.0
3ffa44ede7cefd9ad8f86aea9f68db96	0.0	0.0	0.0	0.0	0.0	0.0	0.0	0.0	12.0	0.0	0.0	0.0
1c87e10e009a216aab791e4e29bf66bf	0.0	0.0	0.0	0.0	0.0	0.0	0.0	0.0	12.0	0.0	0.0	0.0
154346d4e51560fd5c8faf9e7f22c23e	11.0	0.0	0.0	0.0	0.0	0.0	0.0	0.0	0.0	0.0	0.0	0.0
5306a4c9893a8982737701068251a157	0.0	0.0	0.0	11.0	0.0	0.0	0.0	0.0	0.0	0.0	0.0	0.0
d9e5c530de6a745d2ff5d7f1e097bcce	0.0	0.0	0.0	11.0	0.0	0.0	0.0	0.0	0.0	0.0	0.0	0.0
582250db6f7d53a1f0c126511617b2b8	0.0	0.0	0.0	11.0	0.0	0.0	0.0	0.0	0.0	0.0	0.0	0.0
3e809c7003c165a9c0a49cbd08d254e3	0.0	0.0	0.0	0.0	11.0	0.0	0.0	0.0	0.0	0.0	0.0	0.0
a42cc4ba3c7fbc3d8fbfaaf601421db6	0.0	0.0	0.0	0.0	11.0	0.0	0.0	0.0	0.0	0.0	0.0	0.0
ba351ed0a538a775bbf60ca740b0552b	0.0	0.0	0.0	0.0	11.0	0.0	0.0	0.0	0.0	0.0	0.0	0.0
8a3ccfb0930503a06161f94c83a84c45	0.0	0.0	0.0	0.0	11.0	0.0	0.0	0.0	0.0	0.0	0.0	0.0
5da5e0fc4a5b283808ef071b9da05489	0.0	0.0	0.0	0.0	11.0	0.0	0.0	0.0	0.0	0.0	0.0	0.0
13dafc6f6fb09ac448f951d06ea7e74b	0.0	0.0	0.0	0.0	0.0	11.0	0.0	0.0	0.0	0.0	0.0	0.0
925b3c48adfe90612d09e918e415c37a	0.0	0.0	0.0	0.0	0.0	11.0	0.0	0.0	0.0	0.0	0.0	0.0
a5c28f7bdc1fe4bb584411d2e91440cd	0.0	0.0	0.0	0.0	0.0	11.0	0.0	0.0	0.0	0.0	0.0	0.0
660e9b2b53d2fb9e8460cee81ce02533	0.0	0.0	0.0	0.0	0.0	0.0	11.0	0.0	0.0	0.0	0.0	0.0
be289150346c8ca66dd25c7970c4716c	0.0	0.0	0.0	0.0	0.0	0.0	11.0	0.0	0.0	0.0	0.0	0.0
5063c77ad5d09b2d1ce7f5f6cdb0c72a	0.0	0.0	0.0	0.0	0.0	0.0	11.0	0.0	0.0	0.0	0.0	0.0
8ddda48b0b6dd08d5ac5027ac5ccf637	0.0	0.0	0.0	0.0	0.0	0.0	11.0	0.0	0.0	0.0	0.0	0.0
e3e1ab18b4c917b4f5579575ed9427d8	0.0	0.0	0.0	0.0	0.0	0.0	11.0	0.0	0.0	0.0	0.0	0.0
a702683bc6a21ca15c8d97a37b6b392a	0.0	0.0	0.0	0.0	0.0	0.0	0.0	0.0	11.0	0.0	0.0	0.0
598ef811da87deaafe47ceb61d73bfad	0.0	0.0	0.0	0.0	0.0	0.0	0.0	0.0	11.0	0.0	0.0	0.0
5823a7be713d08f2ddd6a72e4522e53c	0.0	0.0	0.0	0.0	0.0	0.0	0.0	0.0	0.0	0.0	11.0	0.0
b32bac3ea285dda6e7def4d8a076c87e	0.0	0.0	0.0	0.0	0.0	0.0	0.0	0.0	0.0	0.0	11.0	0.0
e99545e8851131e04ac1e5da098fd94a	0.0	0.0	10.0	0.0	0.0	0.0	0.0	0.0	0.0	0.0	0.0	0.0
70abcecbd7ca128b84baacc369076aaa	0.0	0.0	0.0	10.0	0.0	0.0	0.0	0.0	0.0	0.0	0.0	0.0
756c013caca7d8652253525421f49a6f	0.0	0.0	0.0	10.0	0.0	0.0	0.0	0.0	0.0	0.0	0.0	0.0
bee454fdd833bc56b6a36125434c3d5b	0.0	0.0	0.0	10.0	0.0	0.0	0.0	0.0	0.0	0.0	0.0	0.0
2c2260a950871a0e4e0565c29802dc70	0.0	0.0	0.0	10.0	0.0	0.0	0.0	0.0	0.0	0.0	0.0	0.0
72f0e0c2a2b5514579645c327e523703	0.0	0.0	0.0	0.0	10.0	0.0	0.0	0.0	0.0	0.0	0.0	0.0
15b889470f8404af9fb1da00d5941f7f	0.0	0.0	0.0	0.0	10.0	0.0	0.0	0.0	0.0	0.0	0.0	0.0
bca875d3b9ae922bc4b26ec0b9f18b2d	0.0	0.0	0.0	0.0	10.0	0.0	0.0	0.0	0.0	0.0	0.0	0.0
53f07fd24c34ccb96fba215520d323d1	0.0	0.0	0.0	0.0	0.0	10.0	0.0	0.0	0.0	0.0	0.0	0.0
f749615703ab4826d0493daa019b34e9	0.0	0.0	0.0	0.0	0.0	10.0	0.0	0.0	0.0	0.0	0.0	0.0
df346b038baaca235106e4c1fecd8e69	0.0	0.0	0.0	0.0	0.0	10.0	0.0	0.0	0.0	0.0	0.0	0.0
f23cb53155f5e025b411caa347293ef9	0.0	0.0	0.0	0.0	0.0	10.0	0.0	0.0	0.0	0.0	0.0	0.0
a03b28bdf9e7483df6c667344986838a	0.0	0.0	0.0	0.0	0.0	10.0	0.0	0.0	0.0	0.0	0.0	0.0
4a583da2c11039593b55dff49148f2cd	0.0	0.0	0.0	0.0	0.0	0.0	0.0	10.0	0.0	0.0	0.0	0.0
7457eb21042da61d3aef7034543950db	0.0	0.0	0.0	0.0	0.0	0.0	0.0	0.0	10.0	0.0	0.0	0.0
f694b2aa3ce381fb9a77077a3262f448	0.0	0.0	0.0	0.0	0.0	0.0	0.0	0.0	10.0	0.0	0.0	0.0
0db6ba0c3a55665fc669b51a2483ba81	0.0	0.0	9.0	0.0	0.0	0.0	0.0	0.0	0.0	0.0	0.0	0.0
9e1d2170e9a458ba5082f6949f819f35	0.0	0.0	0.0	9.0	0.0	0.0	0.0	0.0	0.0	0.0	0.0	0.0
1584f51d8ec43c2ec159c01a463b2de6	0.0	0.0	0.0	0.0	9.0	0.0	0.0	0.0	0.0	0.0	0.0	0.0
91933449415b681e401580eb95a9d85f	0.0	0.0	0.0	0.0	9.0	0.0	0.0	0.0	0.0	0.0	0.0	0.0
2194e27d36671cc3ff3924386c8a8f26	0.0	0.0	0.0	0.0	9.0	0.0	0.0	0.0	0.0	0.0	0.0	0.0
86c8c189c10abb7fe613a202daed87d4	0.0	0.0	0.0	0.0	9.0	0.0	0.0	0.0	0.0	0.0	0.0	0.0
f527de62af5b3a64ccd5ff0e7c62aa7c	0.0	0.0	0.0	0.0	9.0	0.0	0.0	0.0	0.0	0.0	0.0	0.0
ecae48d0f89b69de815af10348da31de	0.0	0.0	0.0	0.0	0.0	9.0	0.0	0.0	0.0	0.0	0.0	0.0
2aaec474d0323f42ba919246c01d44b2	0.0	0.0	0.0	0.0	0.0	9.0	0.0	0.0	0.0	0.0	0.0	0.0
6803155d237dd9a3b689af9fa769b466	0.0	0.0	0.0	0.0	0.0	9.0	0.0	0.0	0.0	0.0	0.0	0.0
073814953504703dbac062d0fd8cfaf8	0.0	0.0	0.0	0.0	0.0	9.0	0.0	0.0	0.0	0.0	0.0	0.0
7d470081bb26ebb548decf8632179bd4	0.0	0.0	0.0	0.0	0.0	9.0	0.0	0.0	0.0	0.0	0.0	0.0
47a6b51e94549a3cc71cf597411b3f3f	0.0	0.0	0.0	0.0	0.0	0.0	9.0	0.0	0.0	0.0	0.0	0.0
0088abceb803753e196b131270defea2	0.0	0.0	0.0	0.0	0.0	0.0	9.0	0.0	0.0	0.0	0.0	0.0
39337ef2ae49dd3bcb4a2f55668fb260	0.0	0.0	0.0	0.0	0.0	0.0	9.0	0.0	0.0	0.0	0.0	0.0
77dcd5ded83c562f632ca7e438aa9f10	0.0	0.0	0.0	0.0	0.0	0.0	0.0	9.0	0.0	0.0	0.0	0.0
6dde42ca497458e3e80c370833f8a693	0.0	0.0	0.0	0.0	0.0	0.0	0.0	9.0	0.0	0.0	0.0	0.0
36a31a87b711b3c208ecbb93cb5ea6e2	0.0	0.0	0.0	0.0	0.0	0.0	0.0	9.0	0.0	0.0	0.0	0.0
be6993eaa8e678fc237695a88f5059b2	0.0	0.0	0.0	0.0	0.0	0.0	0.0	9.0	0.0	0.0	0.0	0.0
726d65e7cdba373eac068048160777cf	0.0	0.0	0.0	0.0	0.0	0.0	0.0	9.0	0.0	0.0	0.0	0.0
7cd816e22de1673d97c79988bed1b0c9	0.0	0.0	0.0	0.0	0.0	0.0	0.0	0.0	9.0	0.0	0.0	0.0
036647de5f1c8a8ac5f286b56ed5ddd1	0.0	0.0	0.0	0.0	0.0	0.0	0.0	0.0	9.0	0.0	0.0	0.0
22279cefaef101b12f21e712f552d674	0.0	0.0	0.0	0.0	0.0	0.0	0.0	0.0	9.0	0.0	0.0	0.0
bddeafc6dcf5945ebcd486ecf3ee3f37	0.0	0.0	0.0	0.0	0.0	0.0	0.0	0.0	0.0	0.0	9.0	0.0
cc7a818d0f531e77d5bccc2daf44d3a5	0.0	8.0	0.0	0.0	0.0	0.0	0.0	0.0	0.0	0.0	0.0	0.0
3aa81ec8bc291af02c87707ca6293549	0.0	0.0	0.0	8.0	0.0	0.0	0.0	0.0	0.0	0.0	0.0	0.0
6d54818364c7c43eec2d6b71a47857c8	0.0	0.0	0.0	8.0	0.0	0.0	0.0	0.0	0.0	0.0	0.0	0.0
794a28bf3ed361fceaffbd6ccace22e9	0.0	0.0	0.0	8.0	0.0	0.0	0.0	0.0	0.0	0.0	0.0	0.0
d46165af777d74efdd04cff7964eedc6	0.0	0.0	0.0	8.0	0.0	0.0	0.0	0.0	0.0	0.0	0.0	0.0
e6077080c1cf8b0ad19eba66422e38d8	0.0	0.0	0.0	8.0	0.0	0.0	0.0	0.0	0.0	0.0	0.0	0.0
37d0481a915fc2a51a9c1028852c93f2	0.0	0.0	0.0	8.0	0.0	0.0	0.0	0.0	0.0	0.0	0.0	0.0
09e98900cfd3298aaa4aebbd3619e4e7	0.0	0.0	0.0	8.0	0.0	0.0	0.0	0.0	0.0	0.0	0.0	0.0
82528a360f005ef0aa8f524f2437bd98	0.0	0.0	0.0	8.0	0.0	0.0	0.0	0.0	0.0	0.0	0.0	0.0
64f0fd40fe7bbc9f6e3ba3ff4c9d08b6	0.0	0.0	0.0	8.0	0.0	0.0	0.0	0.0	0.0	0.0	0.0	0.0
5e64f463efb6b18aca2f125c28a3c416	0.0	0.0	0.0	8.0	0.0	0.0	0.0	0.0	0.0	0.0	0.0	0.0
2491670c4415afc72cb85f19010f4755	0.0	0.0	0.0	8.0	0.0	0.0	0.0	0.0	0.0	0.0	0.0	0.0
098532f92ca02294e3dcad454001ae6f	0.0	0.0	0.0	8.0	0.0	0.0	0.0	0.0	0.0	0.0	0.0	0.0
51b10bae24a0668d90a45a9127b6487d	0.0	0.0	0.0	0.0	8.0	0.0	0.0	0.0	0.0	0.0	0.0	0.0
0ce2b53ea72fd51817c7ace962bf4a2a	0.0	0.0	0.0	0.0	8.0	0.0	0.0	0.0	0.0	0.0	0.0	0.0
e0ab1f540edddfd3fbab875fb3ef2eb3	0.0	0.0	0.0	0.0	8.0	0.0	0.0	0.0	0.0	0.0	0.0	0.0
1a9545fd54244acdb697b8b10ca47076	0.0	0.0	0.0	0.0	8.0	0.0	0.0	0.0	0.0	0.0	0.0	0.0
58606f91c5956aaa91075446a88291b5	0.0	0.0	0.0	0.0	8.0	0.0	0.0	0.0	0.0	0.0	0.0	0.0
af06a465932a699471cb25b6a9d743e6	0.0	0.0	0.0	0.0	8.0	0.0	0.0	0.0	0.0	0.0	0.0	0.0
9778f36aeef38e84e28d2fb0b6d8e1c5	0.0	0.0	0.0	0.0	0.0	8.0	0.0	0.0	0.0	0.0	0.0	0.0
417de365714e594d8d1cd7757fea9174	0.0	0.0	0.0	0.0	0.0	8.0	0.0	0.0	0.0	0.0	0.0	0.0
f005666723a74a1216445c13ddbd9c38	0.0	0.0	0.0	0.0	0.0	0.0	8.0	0.0	0.0	0.0	0.0	0.0
ee83e70ea949665333bff3c8c69dc7a1	0.0	0.0	0.0	0.0	0.0	0.0	8.0	0.0	0.0	0.0	0.0	0.0
9cd85f07edeb0f502cc7beccd4382e62	0.0	0.0	0.0	0.0	0.0	0.0	8.0	0.0	0.0	0.0	0.0	0.0
b65e5738b2e3f04c017669e00c07dab8	0.0	0.0	0.0	0.0	0.0	0.0	8.0	0.0	0.0	0.0	0.0	0.0
8c3ef91b16ab6d73b551e2d7b3e61729	0.0	0.0	0.0	0.0	0.0	0.0	0.0	8.0	0.0	0.0	0.0	0.0
a8e37dec06d75ac415d257a91e5428f9	0.0	0.0	0.0	0.0	0.0	0.0	0.0	0.0	8.0	0.0	0.0	0.0
d7181af6ddc9da6b988a915bc4c6e4d2	0.0	0.0	0.0	0.0	0.0	0.0	0.0	0.0	8.0	0.0	0.0	0.0
7ef8ab8c9ae0db8e2e867f0fdd9adafb	0.0	0.0	0.0	0.0	0.0	0.0	0.0	0.0	8.0	0.0	0.0	0.0
7766b6dd22b918261cb6d25c18f53839	0.0	0.0	0.0	0.0	0.0	0.0	0.0	0.0	0.0	0.0	0.0	8.0
d825bcc8ece99c648c63dd07de608480	0.0	2.0	0.0	0.0	0.0	0.0	0.0	0.0	0.0	0.0	0.0	0.0
8c1d17bf69522867fa63f07284388782	0.0	7.0	0.0	0.0	0.0	0.0	0.0	0.0	0.0	0.0	0.0	0.0
eefa3ad229c76d9e95b806c5a12d3053	0.0	0.0	0.0	7.0	0.0	0.0	0.0	0.0	0.0	0.0	0.0	0.0
ebedc4cba5c0c6d30ace2ae749d38791	0.0	0.0	0.0	7.0	0.0	0.0	0.0	0.0	0.0	0.0	0.0	0.0
eeeb07b2ebbd8a587cbf4666c079c5d5	0.0	0.0	0.0	7.0	0.0	0.0	0.0	0.0	0.0	0.0	0.0	0.0
f6ccc52ae073be36aa5ed26169e7eb53	0.0	0.0	0.0	7.0	0.0	0.0	0.0	0.0	0.0	0.0	0.0	0.0
7ca41ba27aed760c9d8738414276e935	0.0	0.0	0.0	7.0	0.0	0.0	0.0	0.0	0.0	0.0	0.0	0.0
15750207adbd2d949427fc57e7e866d5	0.0	0.0	0.0	7.0	0.0	0.0	0.0	0.0	0.0	0.0	0.0	0.0
7e6d42ffcd701236330d46af9883f0d8	0.0	0.0	0.0	0.0	7.0	0.0	0.0	0.0	0.0	0.0	0.0	0.0
778d1162fd7d7962d0f4e19c7941cd4f	0.0	0.0	0.0	0.0	7.0	0.0	0.0	0.0	0.0	0.0	0.0	0.0
fc1d84638d63991e4e93dcfe4099e22b	0.0	0.0	0.0	0.0	7.0	0.0	0.0	0.0	0.0	0.0	0.0	0.0
5b637bf1586b7805791754e9323c6405	0.0	0.0	0.0	0.0	7.0	0.0	0.0	0.0	0.0	0.0	0.0	0.0
4e3b88a4ed067e8d32595f7c829cfa19	0.0	0.0	0.0	0.0	7.0	0.0	0.0	0.0	0.0	0.0	0.0	0.0
332fa6731a0c7e859503c25e92523972	0.0	0.0	0.0	0.0	7.0	0.0	0.0	0.0	0.0	0.0	0.0	0.0
b64ad2a2a197d919a307b4059cb44acf	0.0	0.0	0.0	0.0	7.0	0.0	0.0	0.0	0.0	0.0	0.0	0.0
5d1d95f51b753851e534c0d03973a594	0.0	0.0	0.0	0.0	7.0	0.0	0.0	0.0	0.0	0.0	0.0	0.0
274a7a712bd1335829c4a83511e8e68d	0.0	0.0	0.0	0.0	7.0	0.0	0.0	0.0	0.0	0.0	0.0	0.0
c0acc48652389da29cbe1f70b6eab333	0.0	0.0	0.0	0.0	0.0	7.0	0.0	0.0	0.0	0.0	0.0	0.0
47567908a4d1b0172c8e94a26b01219b	0.0	0.0	0.0	0.0	0.0	7.0	0.0	0.0	0.0	0.0	0.0	0.0
f85d3287fca69b47df531555a9b33326	0.0	0.0	0.0	0.0	0.0	7.0	0.0	0.0	0.0	0.0	0.0	0.0
6d7c7aaf5f80f0010476db812abf74cc	0.0	0.0	0.0	0.0	0.0	7.0	0.0	0.0	0.0	0.0	0.0	0.0
22e586c91baeceb602a6356b30c8b2d8	0.0	0.0	0.0	0.0	0.0	7.0	0.0	0.0	0.0	0.0	0.0	0.0
a191736068e6d9ef3027efbb2e968a81	0.0	0.0	0.0	0.0	0.0	7.0	0.0	0.0	0.0	0.0	0.0	0.0
594a40bbafefb4e1b8ee1a51a03e5fd1	0.0	0.0	0.0	0.0	0.0	7.0	0.0	0.0	0.0	0.0	0.0	0.0
d1ad1fabadde7ca45e733f73432064d4	0.0	0.0	0.0	0.0	0.0	0.0	7.0	0.0	0.0	0.0	0.0	0.0
64385da022c90cd0db88062e633e3a71	0.0	0.0	0.0	0.0	0.0	0.0	7.0	0.0	0.0	0.0	0.0	0.0
d0f7dbe133e04b1b80aa5600d80de0a0	0.0	0.0	0.0	0.0	0.0	0.0	7.0	0.0	0.0	0.0	0.0	0.0
2a073701ba77a24ea7b5209336c99c7a	0.0	0.0	0.0	0.0	0.0	0.0	7.0	0.0	0.0	0.0	0.0	0.0
94f6a75efa3aa2831477ab98d90bd88e	0.0	0.0	0.0	0.0	0.0	0.0	7.0	0.0	0.0	0.0	0.0	0.0
35affa2a8c7911d154ff521e52196afe	0.0	0.0	0.0	0.0	0.0	0.0	7.0	0.0	0.0	0.0	0.0	0.0
ca1b62a0c0f1010b239677e51fbc93ab	0.0	0.0	0.0	0.0	0.0	0.0	0.0	7.0	0.0	0.0	0.0	0.0
e8a1ef7f382ec0ce7e0fb2554a9d6a53	0.0	0.0	0.0	0.0	0.0	0.0	0.0	7.0	0.0	0.0	0.0	0.0
29bc4850c7d1048b38afd58a840c595d	0.0	0.0	0.0	0.0	0.0	0.0	0.0	7.0	0.0	0.0	0.0	0.0
1ba5f3b106eaaeea999fb4e000b50608	0.0	0.0	0.0	0.0	0.0	0.0	0.0	7.0	0.0	0.0	0.0	0.0
ed5bf95fbfd1fb7769141734353bf7bd	0.0	0.0	0.0	0.0	0.0	0.0	0.0	0.0	7.0	0.0	0.0	0.0
301f17bf6b176d9890535a62e78dafae	0.0	0.0	0.0	0.0	0.0	0.0	0.0	0.0	7.0	0.0	0.0	0.0
c2b7b3cc028b2a2cf75f240220d86a3a	0.0	0.0	0.0	0.0	0.0	0.0	0.0	0.0	7.0	0.0	0.0	0.0
53ac2c08fd8aba165a15697b15339840	0.0	0.0	0.0	0.0	0.0	0.0	0.0	0.0	7.0	0.0	0.0	0.0
a8e63dd3636080c5ebd4b0dfd2a1b95b	0.0	0.0	0.0	0.0	0.0	0.0	0.0	0.0	7.0	0.0	0.0	0.0
df19ac3fa46056b50c00239b3a97c1f6	0.0	0.0	0.0	0.0	0.0	0.0	0.0	0.0	7.0	0.0	0.0	0.0
c857162f45bb64e52c6790f3c499d674	0.0	0.0	0.0	0.0	0.0	0.0	0.0	0.0	0.0	0.0	7.0	0.0
f4368e79215c2b252d423efd0ddbd2bc	0.0	0.0	0.0	0.0	0.0	0.0	0.0	0.0	0.0	0.0	7.0	0.0
93ac766c51cd0e854703c2cc6d95a9fc	6.0	0.0	0.0	0.0	0.0	0.0	0.0	0.0	0.0	0.0	0.0	0.0
a194c808f984b1a5b8b667ba69c0feed	0.0	0.0	6.0	0.0	0.0	0.0	0.0	0.0	0.0	0.0	0.0	0.0
56663292350708e6296539f4dba7aab0	0.0	0.0	0.0	6.0	0.0	0.0	0.0	0.0	0.0	0.0	0.0	0.0
9e04200a763917e2562c09d08a752cdb	0.0	0.0	0.0	6.0	0.0	0.0	0.0	0.0	0.0	0.0	0.0	0.0
c4af4ca7660f3ac0762682c81ef89a27	0.0	0.0	0.0	6.0	0.0	0.0	0.0	0.0	0.0	0.0	0.0	0.0
5581870365b12dd019355c0f7cab4d1e	0.0	0.0	0.0	6.0	0.0	0.0	0.0	0.0	0.0	0.0	0.0	0.0
a49c3e96d28abdd6f200b9db872edd89	0.0	0.0	0.0	6.0	0.0	0.0	0.0	0.0	0.0	0.0	0.0	0.0
f935f718c58812b7ba24eb768aa51373	0.0	0.0	0.0	6.0	0.0	0.0	0.0	0.0	0.0	0.0	0.0	0.0
cb2b9c2724985dcb304bc92013e23f27	0.0	0.0	0.0	6.0	0.0	0.0	0.0	0.0	0.0	0.0	0.0	0.0
9161360eaa699f4856862a5a4710a62b	0.0	0.0	0.0	0.0	6.0	0.0	0.0	0.0	0.0	0.0	0.0	0.0
9b157d5a88e97ed4a0edb465b412ac4a	0.0	0.0	0.0	0.0	6.0	0.0	0.0	0.0	0.0	0.0	0.0	0.0
629591d18e2beb4c199434b55e038716	0.0	0.0	0.0	0.0	6.0	0.0	0.0	0.0	0.0	0.0	0.0	0.0
cc815a220191662323e2f109941cc0f4	0.0	0.0	0.0	0.0	6.0	0.0	0.0	0.0	0.0	0.0	0.0	0.0
88028da38eac994306f6c8e406de43b2	0.0	0.0	0.0	0.0	6.0	0.0	0.0	0.0	0.0	0.0	0.0	0.0
2b6d8a4ccd25ba21fc93b2acb5d0fa52	0.0	0.0	0.0	0.0	6.0	0.0	0.0	0.0	0.0	0.0	0.0	0.0
8fa1d76c23a718c3fed60aca591155c0	0.0	0.0	0.0	0.0	6.0	0.0	0.0	0.0	0.0	0.0	0.0	0.0
15bb322d03b7fd476ccc55a2a75d8072	0.0	0.0	0.0	0.0	6.0	0.0	0.0	0.0	0.0	0.0	0.0	0.0
803fd5a714f4136c11d39e820b857b91	0.0	0.0	0.0	0.0	6.0	0.0	0.0	0.0	0.0	0.0	0.0	0.0
93317a4ff513bcbfd9aeac54bab8e8c6	0.0	0.0	0.0	0.0	6.0	0.0	0.0	0.0	0.0	0.0	0.0	0.0
e9c9fd55aa5b49eb0ebc30affbf5bd99	0.0	0.0	0.0	0.0	0.0	6.0	0.0	0.0	0.0	0.0	0.0	0.0
9624dbf294cc0ad36c0d6334782cd875	0.0	0.0	0.0	0.0	0.0	6.0	0.0	0.0	0.0	0.0	0.0	0.0
9433910c112cceec3f5a231b2ff02fe0	0.0	0.0	0.0	0.0	0.0	6.0	0.0	0.0	0.0	0.0	0.0	0.0
0a0a88c51600fcef30253c4a2f2973ed	0.0	0.0	0.0	0.0	0.0	6.0	0.0	0.0	0.0	0.0	0.0	0.0
30c8d355c4a810aae02b7c5fc07e5e49	0.0	0.0	0.0	0.0	0.0	0.0	0.0	0.0	4.0	0.0	0.0	0.0
24b2e71956e0cb4115671e4dd4801a19	0.0	0.0	0.0	0.0	0.0	0.0	6.0	0.0	0.0	0.0	0.0	0.0
a17446bc2a3ff1419211acaa7046e585	0.0	0.0	0.0	0.0	0.0	0.0	6.0	0.0	0.0	0.0	0.0	0.0
06629a243dda2a84bd4591b1802b563d	0.0	0.0	0.0	0.0	0.0	0.0	6.0	0.0	0.0	0.0	0.0	0.0
b4391f7c81d2b10780f49b75d224dde1	0.0	0.0	0.0	0.0	0.0	0.0	0.0	6.0	0.0	0.0	0.0	0.0
aa4c5f884f95c74c15db6f37535d208e	0.0	0.0	0.0	0.0	0.0	0.0	0.0	6.0	0.0	0.0	0.0	0.0
0dce84e6d00205aaeac668200f07aa67	0.0	0.0	0.0	0.0	0.0	0.0	0.0	6.0	0.0	0.0	0.0	0.0
c0c5e1b8fd3b96afd094f1122f363810	0.0	0.0	0.0	0.0	0.0	0.0	0.0	6.0	0.0	0.0	0.0	0.0
b9308c2b30d4ef09126ce1396a9f79dc	0.0	0.0	0.0	0.0	0.0	0.0	0.0	6.0	0.0	0.0	0.0	0.0
5137d8eab53f4c9206d95bb2ddea164a	0.0	0.0	0.0	0.0	0.0	0.0	0.0	0.0	6.0	0.0	0.0	0.0
b871272dcf1fe691e91db9ad0c2b194e	0.0	0.0	0.0	0.0	0.0	0.0	0.0	0.0	0.0	0.0	6.0	0.0
0a6b5407afba0d1edcad7124b503ef52	0.0	0.0	0.0	0.0	0.0	0.0	0.0	0.0	0.0	0.0	6.0	0.0
99b6d5416d51f7baab643341acccca00	0.0	0.0	0.0	0.0	0.0	0.0	0.0	0.0	0.0	0.0	6.0	0.0
9afd55eeecdcb4c4b1dd7dcb684c3184	0.0	0.0	0.0	0.0	0.0	0.0	0.0	0.0	0.0	0.0	0.0	6.0
7838f286d577234bd915536a5ff846fd	0.0	5.0	0.0	0.0	0.0	0.0	0.0	0.0	0.0	0.0	0.0	0.0
db3340b82413cedbe45b0faa7ef47b31	0.0	0.0	0.0	5.0	0.0	0.0	0.0	0.0	0.0	0.0	0.0	0.0
5bee668d2d43af550c987248d97b2b22	0.0	0.0	0.0	5.0	0.0	0.0	0.0	0.0	0.0	0.0	0.0	0.0
0fb6f39df55d9860adb478edb47285b5	0.0	0.0	0.0	5.0	0.0	0.0	0.0	0.0	0.0	0.0	0.0	0.0
5dd72492f6b69e8e2be019a4d3446884	0.0	0.0	0.0	5.0	0.0	0.0	0.0	0.0	0.0	0.0	0.0	0.0
355c93fe9bc302e7f1f8b8ab32a83f65	0.0	0.0	0.0	5.0	0.0	0.0	0.0	0.0	0.0	0.0	0.0	0.0
22cfad5694719161b341a3b4c502f4dc	0.0	0.0	0.0	5.0	0.0	0.0	0.0	0.0	0.0	0.0	0.0	0.0
698604632f08dbfa88e039145a573a74	0.0	0.0	0.0	5.0	0.0	0.0	0.0	0.0	0.0	0.0	0.0	0.0
20044d19f23c26328101af10dcaedfc6	0.0	0.0	0.0	5.0	0.0	0.0	0.0	0.0	0.0	0.0	0.0	0.0
ef2e30682627c555ab44dcd2ec172b46	0.0	0.0	0.0	5.0	0.0	0.0	0.0	0.0	0.0	0.0	0.0	0.0
cde60e744b99ec8094945316d26a97a5	0.0	0.0	0.0	0.0	5.0	0.0	0.0	0.0	0.0	0.0	0.0	0.0
98b6636568cb9b0865cc0f1aa370b08f	0.0	0.0	0.0	0.0	5.0	0.0	0.0	0.0	0.0	0.0	0.0	0.0
3c694e1117df3d39e71394644d23f099	0.0	0.0	0.0	0.0	5.0	0.0	0.0	0.0	0.0	0.0	0.0	0.0
e82f0acea2883567b272ca9af433a273	0.0	0.0	0.0	0.0	5.0	0.0	0.0	0.0	0.0	0.0	0.0	0.0
eca4928dad743f45e260a188c6366f08	0.0	0.0	0.0	0.0	5.0	0.0	0.0	0.0	0.0	0.0	0.0	0.0
29478936a1b895ab1917bfb917033baa	0.0	0.0	0.0	0.0	5.0	0.0	0.0	0.0	0.0	0.0	0.0	0.0
ba2cf10fc7a1758c0d3bb5a3e9533377	0.0	0.0	0.0	0.0	5.0	0.0	0.0	0.0	0.0	0.0	0.0	0.0
691ee83e0b7f76fddf9a6c579978bd22	0.0	0.0	0.0	0.0	5.0	0.0	0.0	0.0	0.0	0.0	0.0	0.0
0f55e0076fc3abce9a8353dcbad847d4	0.0	0.0	0.0	0.0	5.0	0.0	0.0	0.0	0.0	0.0	0.0	0.0
b4f672cc2edaf38e0f2bf9eb782f2ec7	0.0	0.0	0.0	0.0	5.0	0.0	0.0	0.0	0.0	0.0	0.0	0.0
507d7b344b3be245979ad3811b21a9e3	0.0	0.0	0.0	0.0	5.0	0.0	0.0	0.0	0.0	0.0	0.0	0.0
a9bb1caa91d67681eb8950752ed3f36c	0.0	0.0	0.0	0.0	5.0	0.0	0.0	0.0	0.0	0.0	0.0	0.0
b69c8dcebb63ef2379ac3ed315c55ce1	0.0	0.0	0.0	0.0	5.0	0.0	0.0	0.0	0.0	0.0	0.0	0.0
adba4ddac9b73e5534b9f627a8bc275c	0.0	0.0	0.0	0.0	5.0	0.0	0.0	0.0	0.0	0.0	0.0	0.0
fedbc668a7228c0c90a8563b181ca436	0.0	0.0	0.0	0.0	5.0	0.0	0.0	0.0	0.0	0.0	0.0	0.0
017482a0a922e9c0fa27ba87e3380bd8	0.0	0.0	0.0	0.0	5.0	0.0	0.0	0.0	0.0	0.0	0.0	0.0
4493344602c7f583d16234fcb4697392	0.0	0.0	0.0	0.0	5.0	0.0	0.0	0.0	0.0	0.0	0.0	0.0
6f668965bed66febd815f7f228162785	0.0	0.0	0.0	0.0	5.0	0.0	0.0	0.0	0.0	0.0	0.0	0.0
114c2aaa7b7bafbd9ca282a86cba3810	0.0	0.0	0.0	0.0	5.0	0.0	0.0	0.0	0.0	0.0	0.0	0.0
f2f8bb76d4b5eae8b10ecff307214fe0	0.0	0.0	0.0	0.0	0.0	5.0	0.0	0.0	0.0	0.0	0.0	0.0
b0a36f03a463a331145d09332d8065aa	0.0	0.0	0.0	0.0	0.0	5.0	0.0	0.0	0.0	0.0	0.0	0.0
f7f9e9b0f0342c8ae14ef07122711570	0.0	0.0	0.0	0.0	0.0	5.0	0.0	0.0	0.0	0.0	0.0	0.0
2a62e9c7d7d069b1a559d36015599ec1	0.0	0.0	0.0	0.0	0.0	5.0	0.0	0.0	0.0	0.0	0.0	0.0
e47f644da7556fd53642d2cd8c6a4839	0.0	0.0	0.0	0.0	0.0	5.0	0.0	0.0	0.0	0.0	0.0	0.0
bd69de3d5b743145f00d8dff5a19094c	0.0	0.0	0.0	0.0	0.0	5.0	0.0	0.0	0.0	0.0	0.0	0.0
e7e9d2f874037f275711cd3f4988abca	0.0	0.0	0.0	0.0	0.0	5.0	0.0	0.0	0.0	0.0	0.0	0.0
ede518f27d90ec6f97e099f91e3e1844	0.0	0.0	0.0	0.0	0.0	5.0	0.0	0.0	0.0	0.0	0.0	0.0
de9d966972322de89ddb57f4b33e0de7	0.0	0.0	0.0	0.0	0.0	5.0	0.0	0.0	0.0	0.0	0.0	0.0
a4e34d0633fd98823eee7ac566fc9dd1	0.0	0.0	0.0	0.0	0.0	0.0	5.0	0.0	0.0	0.0	0.0	0.0
56be67b0856d7aea80448d9b92b730e2	0.0	0.0	0.0	0.0	0.0	0.0	5.0	0.0	0.0	0.0	0.0	0.0
ea2e5ed78cf33df6b6a0266e6ce7931a	0.0	0.0	0.0	0.0	0.0	0.0	0.0	5.0	0.0	0.0	0.0	0.0
dbd048582421ff24cc89a9d95225580f	0.0	0.0	0.0	0.0	0.0	0.0	0.0	5.0	0.0	0.0	0.0	0.0
887a12b844822d6f26fd87dce16dfbb5	0.0	0.0	0.0	0.0	0.0	0.0	0.0	5.0	0.0	0.0	0.0	0.0
ec51f883352d1b77da1ec3841337fdd1	0.0	0.0	0.0	0.0	0.0	0.0	0.0	5.0	0.0	0.0	0.0	0.0
73c83fd259d434db257bf91ea7317b7d	0.0	0.0	0.0	0.0	0.0	0.0	0.0	5.0	0.0	0.0	0.0	0.0
1aa76b3a89cd853b36984ad79e5c5854	0.0	0.0	0.0	0.0	0.0	0.0	0.0	0.0	5.0	0.0	0.0	0.0
52e6919185b38dcaaa232ec09031dc7e	0.0	0.0	0.0	0.0	0.0	0.0	0.0	0.0	5.0	0.0	0.0	0.0
1d974f7d15ed17f82439d1c086e5695f	0.0	0.0	0.0	0.0	0.0	0.0	0.0	0.0	5.0	0.0	0.0	0.0
ee9cf6a1db8301ef7d9a247280a0bfc7	0.0	0.0	0.0	0.0	0.0	0.0	0.0	0.0	5.0	0.0	0.0	0.0
44e44bc2723c652e0d012bb2a328576c	0.0	0.0	0.0	0.0	0.0	0.0	0.0	0.0	0.0	5.0	0.0	0.0
075b58a380652167a52ad093af7784d4	0.0	0.0	0.0	0.0	0.0	0.0	0.0	0.0	0.0	5.0	0.0	0.0
8075276f2d3232d473973f6fc73fc0a3	0.0	0.0	0.0	0.0	0.0	0.0	0.0	0.0	0.0	0.0	5.0	0.0
6718d8cc8a7e53273f7a9ce5ec639baf	0.0	0.0	0.0	0.0	0.0	0.0	0.0	0.0	0.0	0.0	5.0	0.0
23ae3bc9dac44286fe4cebb45ec7e7fe	0.0	0.0	0.0	0.0	0.0	0.0	0.0	0.0	0.0	0.0	0.0	5.0
82609d90ddbc960b976a890964a78621	4.0	0.0	0.0	0.0	0.0	0.0	0.0	0.0	0.0	0.0	0.0	0.0
37e86f7856b0df170a117cb58bfa6300	4.0	0.0	0.0	0.0	0.0	0.0	0.0	0.0	0.0	0.0	0.0	0.0
ec1497a65ebcbba279066238bc2dd542	0.0	4.0	0.0	0.0	0.0	0.0	0.0	0.0	0.0	0.0	0.0	0.0
f2d29d6ae47caaf2aabdb5ca8a763fc5	0.0	0.0	4.0	0.0	0.0	0.0	0.0	0.0	0.0	0.0	0.0	0.0
c8a6fdea0daca760185dbee34b62a73f	0.0	0.0	4.0	0.0	0.0	0.0	0.0	0.0	0.0	0.0	0.0	0.0
81953e7c538c54d7406e02e1e7bbb363	0.0	0.0	0.0	4.0	0.0	0.0	0.0	0.0	0.0	0.0	0.0	0.0
b2af81ac80fb0b4569943ae4a6cf1a92	0.0	0.0	0.0	4.0	0.0	0.0	0.0	0.0	0.0	0.0	0.0	0.0
9da582c8fa3752b7a77e3fc68c583975	0.0	0.0	0.0	4.0	0.0	0.0	0.0	0.0	0.0	0.0	0.0	0.0
6c54e38e1832e8adc1cb06a3e7e6d4ee	0.0	0.0	0.0	4.0	0.0	0.0	0.0	0.0	0.0	0.0	0.0	0.0
8cfed242a16e4d814d3e74570cd8967e	0.0	0.0	0.0	4.0	0.0	0.0	0.0	0.0	0.0	0.0	0.0	0.0
66ec4b78bcfce2cb135147caeb32dff1	0.0	0.0	0.0	4.0	0.0	0.0	0.0	0.0	0.0	0.0	0.0	0.0
eed58698eb0e72613bf0b885913c2f17	0.0	0.0	0.0	4.0	0.0	0.0	0.0	0.0	0.0	0.0	0.0	0.0
26da2b6930e58d3ca9d56016942a5ac9	0.0	0.0	0.0	4.0	0.0	0.0	0.0	0.0	0.0	0.0	0.0	0.0
d0b30e0d7ed20b2f15b057a1d0458b56	0.0	0.0	0.0	4.0	0.0	0.0	0.0	0.0	0.0	0.0	0.0	0.0
e90518bf2f185337d07930f17c58af58	0.0	0.0	0.0	4.0	0.0	0.0	0.0	0.0	0.0	0.0	0.0	0.0
4021933c7bfe572b0b51bc66203b00c5	0.0	0.0	0.0	0.0	4.0	0.0	0.0	0.0	0.0	0.0	0.0	0.0
b1dcef9ee2c2fb28323372b80ad387ea	0.0	0.0	0.0	0.0	4.0	0.0	0.0	0.0	0.0	0.0	0.0	0.0
ee62947d608f1c13225fb7970f453f9f	0.0	0.0	0.0	0.0	4.0	0.0	0.0	0.0	0.0	0.0	0.0	0.0
e7fef60ed5fa52e2bacea89a9fd91a4f	0.0	0.0	0.0	0.0	4.0	0.0	0.0	0.0	0.0	0.0	0.0	0.0
bf6d516823e9827b0022d11a9303a2e4	0.0	0.0	0.0	0.0	4.0	0.0	0.0	0.0	0.0	0.0	0.0	0.0
6884559322b39bb2b04b9dbd5f5a35e7	0.0	0.0	0.0	0.0	4.0	0.0	0.0	0.0	0.0	0.0	0.0	0.0
eae7f4a68a5ddcf9aa4620faf361112c	0.0	0.0	0.0	0.0	4.0	0.0	0.0	0.0	0.0	0.0	0.0	0.0
80806ef7b50e4eeb16fb2877832f8a4b	0.0	0.0	0.0	0.0	4.0	0.0	0.0	0.0	0.0	0.0	0.0	0.0
42b3d4079d55f88ca2669caf84365cea	0.0	0.0	0.0	0.0	4.0	0.0	0.0	0.0	0.0	0.0	0.0	0.0
42ebccef6bf7850ee8b5d7c39cd7fe31	0.0	0.0	0.0	0.0	4.0	0.0	0.0	0.0	0.0	0.0	0.0	0.0
278f6721eeb10d4aaa4262377b193ae9	0.0	0.0	0.0	0.0	4.0	0.0	0.0	0.0	0.0	0.0	0.0	0.0
6f188d8b9b3379e3567667dc7c93d6d1	0.0	0.0	0.0	0.0	4.0	0.0	0.0	0.0	0.0	0.0	0.0	0.0
bed28d4e4c1d5a4fb6a3471ffba0a68a	0.0	0.0	0.0	0.0	4.0	0.0	0.0	0.0	0.0	0.0	0.0	0.0
27097ebe46361385bd1ac74b3d868390	0.0	0.0	0.0	0.0	4.0	0.0	0.0	0.0	0.0	0.0	0.0	0.0
ef885d0919cdfb7e171ea8916e322e24	0.0	0.0	0.0	0.0	4.0	0.0	0.0	0.0	0.0	0.0	0.0	0.0
e072905a86d91ec261159ab2ead51210	0.0	0.0	0.0	0.0	4.0	0.0	0.0	0.0	0.0	0.0	0.0	0.0
007c67a556cfb866bb301eb9d8076ad1	0.0	0.0	0.0	0.0	4.0	0.0	0.0	0.0	0.0	0.0	0.0	0.0
9ddfd7ee33b03547cab26be2b4f80269	0.0	0.0	0.0	0.0	4.0	0.0	0.0	0.0	0.0	0.0	0.0	0.0
767c819328b6939fa2916771fd42fdd2	0.0	0.0	0.0	0.0	4.0	0.0	0.0	0.0	0.0	0.0	0.0	0.0
665baa8dc69f052b56e11f33fbec900e	0.0	0.0	0.0	0.0	4.0	0.0	0.0	0.0	0.0	0.0	0.0	0.0
ffe392696d427dca16e9ad1fcebaff23	0.0	0.0	0.0	0.0	4.0	0.0	0.0	0.0	0.0	0.0	0.0	0.0
c4f66345f583f0319da3bcf201b7e2dd	0.0	0.0	0.0	0.0	0.0	4.0	0.0	0.0	0.0	0.0	0.0	0.0
bc5c60c0d313ecaf6004996f6106d03e	0.0	0.0	0.0	0.0	0.0	4.0	0.0	0.0	0.0	0.0	0.0	0.0
cc0693316c7275fff31aafde5821a6d6	0.0	0.0	0.0	0.0	0.0	4.0	0.0	0.0	0.0	0.0	0.0	0.0
1f3c5d7601be7bfd3c6e583e4899003a	0.0	0.0	0.0	0.0	0.0	4.0	0.0	0.0	0.0	0.0	0.0	0.0
62849b095a5b5f85f55ae81b417a71e9	0.0	0.0	0.0	0.0	0.0	4.0	0.0	0.0	0.0	0.0	0.0	0.0
bc0d4e35f0bc2fce9f95f668289dbd04	0.0	0.0	0.0	0.0	0.0	4.0	0.0	0.0	0.0	0.0	0.0	0.0
24f4a5d5462d45f751be21906d977421	0.0	0.0	0.0	0.0	0.0	4.0	0.0	0.0	0.0	0.0	0.0	0.0
b8aa69e062c6ae38a8ee8a0b471c8dfc	0.0	0.0	0.0	0.0	0.0	4.0	0.0	0.0	0.0	0.0	0.0	0.0
4096c0a7b534e3e6a0eb2ee48ecae49d	0.0	0.0	0.0	0.0	0.0	4.0	0.0	0.0	0.0	0.0	0.0	0.0
a0a9ad15275b059d6d79733d849d6ec2	0.0	0.0	0.0	0.0	0.0	4.0	0.0	0.0	0.0	0.0	0.0	0.0
c9be93ef8893a0dfc22249b262a1096f	0.0	0.0	0.0	0.0	0.0	4.0	0.0	0.0	0.0	0.0	0.0	0.0
b2e7aa894807f7be307d680944a4bc00	0.0	0.0	0.0	0.0	0.0	4.0	0.0	0.0	0.0	0.0	0.0	0.0
5b99f718ee44a6dcd424c69e952dc780	0.0	0.0	0.0	0.0	0.0	4.0	0.0	0.0	0.0	0.0	0.0	0.0
f81acdf50bee275087fabc05503d814a	0.0	0.0	0.0	0.0	0.0	4.0	0.0	0.0	0.0	0.0	0.0	0.0
cbf8bc0f75037833acc903b85d5cbb93	0.0	0.0	0.0	0.0	0.0	4.0	0.0	0.0	0.0	0.0	0.0	0.0
79a6ec07d084336ca58018fc0c1b31f5	0.0	0.0	0.0	0.0	0.0	0.0	4.0	0.0	0.0	0.0	0.0	0.0
7361dcab97f260c4ceec5ac5d0a7ab6d	0.0	0.0	0.0	0.0	0.0	0.0	4.0	0.0	0.0	0.0	0.0	0.0
37a0d2eb2e1374bb4f89a17f066b3817	0.0	0.0	0.0	0.0	0.0	0.0	4.0	0.0	0.0	0.0	0.0	0.0
98137f642138534271e4429119845d7c	0.0	0.0	0.0	0.0	0.0	0.0	4.0	0.0	0.0	0.0	0.0	0.0
56c634fa2d33135deb9e9444b5b8a98c	0.0	0.0	0.0	0.0	0.0	0.0	4.0	0.0	0.0	0.0	0.0	0.0
996f1f1388e78f98af78abb80412fe5f	0.0	0.0	0.0	0.0	0.0	0.0	4.0	0.0	0.0	0.0	0.0	0.0
aea306ef9d5c2181a61963d3a1fcd945	0.0	0.0	0.0	0.0	0.0	0.0	0.0	4.0	0.0	0.0	0.0	0.0
3a84cba1ce96f0ee532e71d9620c78cc	0.0	0.0	0.0	0.0	0.0	0.0	0.0	4.0	0.0	0.0	0.0	0.0
ca9b6a2915f03f22df114e9208b8f6ec	0.0	0.0	0.0	0.0	0.0	0.0	0.0	4.0	0.0	0.0	0.0	0.0
74ef45995826d4b8764ebdc60ce1ea41	0.0	0.0	0.0	0.0	0.0	0.0	0.0	4.0	0.0	0.0	0.0	0.0
3a13abbfb52646126bf67efd4a2115fa	0.0	0.0	0.0	0.0	0.0	0.0	0.0	4.0	0.0	0.0	0.0	0.0
2e5b010fa523af90079cc5e4fa6990c0	0.0	0.0	0.0	0.0	0.0	0.0	0.0	0.0	4.0	0.0	0.0	0.0
845672548eb8a3a924b09ceee580ad74	0.0	0.0	0.0	0.0	0.0	0.0	0.0	0.0	4.0	0.0	0.0	0.0
af20374ce7705a4c0599f42c616e8f39	0.0	0.0	0.0	0.0	0.0	0.0	0.0	0.0	4.0	0.0	0.0	0.0
90b332734b74cfdd5d0ed8cf927df058	0.0	0.0	0.0	0.0	0.0	0.0	0.0	0.0	4.0	0.0	0.0	0.0
a78cf7058cbfd4909965ceac6f1ae8e1	0.0	0.0	0.0	0.0	0.0	0.0	0.0	0.0	4.0	0.0	0.0	0.0
bb22f8532ac9e0183c41921384734fef	0.0	0.0	0.0	0.0	0.0	0.0	0.0	0.0	4.0	0.0	0.0	0.0
e21851daf72285c39f1bc601183790f8	0.0	0.0	0.0	0.0	0.0	0.0	0.0	0.0	0.0	4.0	0.0	0.0
452b21160e7efaf5437e9546e8b66889	0.0	0.0	0.0	0.0	0.0	0.0	0.0	0.0	0.0	0.0	4.0	0.0
ab1b564c9fc75f97fcc697cfafa4983b	0.0	0.0	0.0	0.0	0.0	0.0	0.0	0.0	0.0	0.0	4.0	0.0
2b0e2a776097e9b9a034b4c394fe07b2	0.0	0.0	0.0	0.0	0.0	0.0	0.0	0.0	0.0	0.0	4.0	0.0
fae2d85c6cb9817a93f935c46019fbbf	0.0	0.0	0.0	0.0	0.0	0.0	0.0	0.0	0.0	0.0	0.0	4.0
a5db4e0f3946cbf57cb1cdd523115636	0.0	0.0	0.0	0.0	0.0	0.0	0.0	0.0	0.0	0.0	0.0	4.0
4c267f8f7683755c253063fb8aa1a458	3.0	0.0	0.0	0.0	0.0	0.0	0.0	0.0	0.0	0.0	0.0	0.0
be92f4376230f3f1a86229920d4f4806	0.0	3.0	0.0	0.0	0.0	0.0	0.0	0.0	0.0	0.0	0.0	0.0
3c62ae3cf44c57bf74490fd4382c52f0	0.0	3.0	0.0	0.0	0.0	0.0	0.0	0.0	0.0	0.0	0.0	0.0
3fcbeb7118210cec8c0e2326acdada32	0.0	3.0	0.0	0.0	0.0	0.0	0.0	0.0	0.0	0.0	0.0	0.0
1f1f1a3bbd4d7323b4eb909dd4ffe19e	0.0	0.0	3.0	0.0	0.0	0.0	0.0	0.0	0.0	0.0	0.0	0.0
a1ffa1602115a6e9a4c357eeec2a96fd	0.0	0.0	3.0	0.0	0.0	0.0	0.0	0.0	0.0	0.0	0.0	0.0
89d9afaa9572ccc0978cd7ff40e605f8	0.0	0.0	0.0	3.0	0.0	0.0	0.0	0.0	0.0	0.0	0.0	0.0
c35100dd3a23ab461b9e65f4ea34c81e	0.0	0.0	0.0	3.0	0.0	0.0	0.0	0.0	0.0	0.0	0.0	0.0
3a14dde6705947c3b99e43443998716d	0.0	0.0	0.0	3.0	0.0	0.0	0.0	0.0	0.0	0.0	0.0	0.0
d34e7ad7891e6cb8acb6868809ce4c7d	0.0	0.0	0.0	3.0	0.0	0.0	0.0	0.0	0.0	0.0	0.0	0.0
49dc421e063901ab43d453c34309a8e3	0.0	0.0	0.0	3.0	0.0	0.0	0.0	0.0	0.0	0.0	0.0	0.0
e5bde52cd336568ac35dc3ebf0452e2f	0.0	0.0	0.0	3.0	0.0	0.0	0.0	0.0	0.0	0.0	0.0	0.0
586c33cdf2530d6515fc0236855dd6f5	0.0	0.0	0.0	3.0	0.0	0.0	0.0	0.0	0.0	0.0	0.0	0.0
526267f06f697b6c2b35c061fef523be	0.0	0.0	0.0	3.0	0.0	0.0	0.0	0.0	0.0	0.0	0.0	0.0
b6990f9d0caac9e3a623fc2c16708f7e	0.0	0.0	0.0	3.0	0.0	0.0	0.0	0.0	0.0	0.0	0.0	0.0
e34b80406c08d1aaecf3159202c10891	0.0	0.0	0.0	3.0	0.0	0.0	0.0	0.0	0.0	0.0	0.0	0.0
ba6c3565d3ce4ec964a1f66372080f21	0.0	0.0	0.0	3.0	0.0	0.0	0.0	0.0	0.0	0.0	0.0	0.0
a5c12f1f6376650f1f851047efb1c854	0.0	0.0	0.0	3.0	0.0	0.0	0.0	0.0	0.0	0.0	0.0	0.0
c5d4acb84942660b12b0125a98d07bb4	0.0	0.0	0.0	3.0	0.0	0.0	0.0	0.0	0.0	0.0	0.0	0.0
c82626909c15067924006fbad1517982	0.0	0.0	0.0	3.0	0.0	0.0	0.0	0.0	0.0	0.0	0.0	0.0
fb8319db7e9a5f3d7e79b70886a58918	0.0	0.0	0.0	3.0	0.0	0.0	0.0	0.0	0.0	0.0	0.0	0.0
5f0bac0b37d15320046e53b947263811	0.0	0.0	0.0	3.0	0.0	0.0	0.0	0.0	0.0	0.0	0.0	0.0
39e68149c5e3404b5f675424cae3336e	0.0	0.0	0.0	3.0	0.0	0.0	0.0	0.0	0.0	0.0	0.0	0.0
c974cf12e094c172ab129718c5f8474c	0.0	0.0	0.0	3.0	0.0	0.0	0.0	0.0	0.0	0.0	0.0	0.0
030c59f14500800792b8c67157a03ca4	0.0	0.0	0.0	3.0	0.0	0.0	0.0	0.0	0.0	0.0	0.0	0.0
320cb2b5c675e8911cf7f6951763c442	0.0	0.0	0.0	3.0	0.0	0.0	0.0	0.0	0.0	0.0	0.0	0.0
4cc82a628604832f5ae8418a39879212	0.0	0.0	0.0	3.0	0.0	0.0	0.0	0.0	0.0	0.0	0.0	0.0
c2b566864465e471d4c7baa9e2d7336a	0.0	0.0	0.0	3.0	0.0	0.0	0.0	0.0	0.0	0.0	0.0	0.0
aff099e293e88b1c745824f701287fb0	0.0	0.0	0.0	0.0	3.0	0.0	0.0	0.0	0.0	0.0	0.0	0.0
d270e4daa9a73bf629214495433f8a13	0.0	0.0	0.0	0.0	3.0	0.0	0.0	0.0	0.0	0.0	0.0	0.0
b39315b9ba85ddb8f2661db1202d067b	0.0	0.0	0.0	0.0	3.0	0.0	0.0	0.0	0.0	0.0	0.0	0.0
f9eeef3f03dbded94c79ef6075d6314c	0.0	0.0	0.0	0.0	3.0	0.0	0.0	0.0	0.0	0.0	0.0	0.0
0ebc99d750a9a0ae86f86b0ebc4c51ed	0.0	0.0	0.0	0.0	3.0	0.0	0.0	0.0	0.0	0.0	0.0	0.0
f891efd1bb86dbb7c95ff5e154cfd3db	0.0	0.0	0.0	0.0	3.0	0.0	0.0	0.0	0.0	0.0	0.0	0.0
cac7659b1e1fcb8aff0110dc2e4b7d3f	0.0	0.0	0.0	0.0	3.0	0.0	0.0	0.0	0.0	0.0	0.0	0.0
972fdc9441b2bb7a84d6e45dedaea515	0.0	0.0	0.0	0.0	3.0	0.0	0.0	0.0	0.0	0.0	0.0	0.0
8bdd84dcbb1b03ca776df9be25f9d567	0.0	0.0	0.0	0.0	3.0	0.0	0.0	0.0	0.0	0.0	0.0	0.0
92dd8fd8d9b05050a054f3098393ea82	0.0	0.0	0.0	0.0	3.0	0.0	0.0	0.0	0.0	0.0	0.0	0.0
914a8541a310151971e22a5a8ec89618	0.0	0.0	0.0	0.0	3.0	0.0	0.0	0.0	0.0	0.0	0.0	0.0
28d9effe6c56e825f82fccba30dda49b	0.0	0.0	0.0	0.0	3.0	0.0	0.0	0.0	0.0	0.0	0.0	0.0
7b8e9cf727e0275b2d7d900fb59d7705	0.0	0.0	0.0	0.0	3.0	0.0	0.0	0.0	0.0	0.0	0.0	0.0
d03096938eebaf7501fcc3c69e355b70	0.0	0.0	0.0	0.0	3.0	0.0	0.0	0.0	0.0	0.0	0.0	0.0
cccb3a21c843a3747f661ce355dadd5e	0.0	0.0	0.0	0.0	3.0	0.0	0.0	0.0	0.0	0.0	0.0	0.0
5e1cb65be9e4cb07b922d6688f59de57	0.0	0.0	0.0	0.0	3.0	0.0	0.0	0.0	0.0	0.0	0.0	0.0
51b4fd7de19659af3fa2b87a895d1ec4	0.0	0.0	0.0	0.0	3.0	0.0	0.0	0.0	0.0	0.0	0.0	0.0
df9b3edb3d069cbe665d88a0990ad7bd	0.0	0.0	0.0	0.0	3.0	0.0	0.0	0.0	0.0	0.0	0.0	0.0
fba460ba6c1e8743dfbfa8013db82376	0.0	0.0	0.0	0.0	3.0	0.0	0.0	0.0	0.0	0.0	0.0	0.0
cc3b6579fad1d92c2b8180694601cd50	0.0	0.0	0.0	0.0	0.0	3.0	0.0	0.0	0.0	0.0	0.0	0.0
e387c662141485c290e194f623cac36b	0.0	0.0	0.0	0.0	0.0	3.0	0.0	0.0	0.0	0.0	0.0	0.0
9eb02f503d7ac0d01ff83ee4545579a8	0.0	0.0	0.0	0.0	0.0	3.0	0.0	0.0	0.0	0.0	0.0	0.0
1e9bddab20c496d75d012d64b4aa3594	0.0	0.0	0.0	0.0	0.0	3.0	0.0	0.0	0.0	0.0	0.0	0.0
8043f0f56d02bca5258d71e4121689ff	0.0	0.0	0.0	0.0	0.0	3.0	0.0	0.0	0.0	0.0	0.0	0.0
dd994b8be6441a7e2de47b3f6c02de26	0.0	0.0	0.0	0.0	0.0	3.0	0.0	0.0	0.0	0.0	0.0	0.0
b0ce38bfda556e9c93a2ab43ef4f6825	0.0	0.0	0.0	0.0	0.0	3.0	0.0	0.0	0.0	0.0	0.0	0.0
4c4a94315b366400c43e9c1b7d44880c	0.0	0.0	0.0	0.0	0.0	3.0	0.0	0.0	0.0	0.0	0.0	0.0
e01eda9c782b2736f90cfc3f1c00c2c4	0.0	0.0	0.0	0.0	0.0	3.0	0.0	0.0	0.0	0.0	0.0	0.0
a68164646b5b6f23c3ece6f512b741e7	0.0	0.0	0.0	0.0	0.0	3.0	0.0	0.0	0.0	0.0	0.0	0.0
dfeefce2aba59f3c08842767e35e3bc3	0.0	0.0	0.0	0.0	0.0	3.0	0.0	0.0	0.0	0.0	0.0	0.0
835af470e402f70975c8c91ee703ddeb	0.0	0.0	0.0	0.0	0.0	3.0	0.0	0.0	0.0	0.0	0.0	0.0
c1867065780aacec7d82a1b50f5ce96e	0.0	0.0	0.0	0.0	0.0	3.0	0.0	0.0	0.0	0.0	0.0	0.0
3f762874d821c1e16acf44420a023758	0.0	0.0	0.0	0.0	0.0	0.0	3.0	0.0	0.0	0.0	0.0	0.0
53e46c87a8379cc77a526e6f90d31fae	0.0	0.0	0.0	0.0	0.0	0.0	3.0	0.0	0.0	0.0	0.0	0.0
46b7c498ee053534d54873aae2457719	0.0	0.0	0.0	0.0	0.0	0.0	3.0	0.0	0.0	0.0	0.0	0.0
fd51aae71eb6551016ce32151b2f82ff	0.0	0.0	0.0	0.0	0.0	0.0	3.0	0.0	0.0	0.0	0.0	0.0
450d1bb49fd1605109a86f29cae2243f	0.0	0.0	0.0	0.0	0.0	0.0	3.0	0.0	0.0	0.0	0.0	0.0
8a8c6b53aa27b6fa04ce0c53b63eae0b	0.0	0.0	0.0	0.0	0.0	0.0	3.0	0.0	0.0	0.0	0.0	0.0
b12af40a121ad696163c00905b70036b	0.0	0.0	0.0	0.0	0.0	0.0	3.0	0.0	0.0	0.0	0.0	0.0
bb177aa90b5a39d78514b44f8f0a1568	0.0	0.0	0.0	0.0	0.0	0.0	3.0	0.0	0.0	0.0	0.0	0.0
6f31071f7e122e22bd7b329636b60f9f	0.0	0.0	0.0	0.0	0.0	0.0	3.0	0.0	0.0	0.0	0.0	0.0
5c6e5995ceeecb8d3ed26509f268e551	0.0	0.0	0.0	0.0	0.0	0.0	3.0	0.0	0.0	0.0	0.0	0.0
0de2ac3c398ea6cd1797f7ca7e6769da	0.0	0.0	0.0	0.0	0.0	0.0	0.0	3.0	0.0	0.0	0.0	0.0
c3a07a99ac45cf9dbae7b118395878fd	0.0	0.0	0.0	0.0	0.0	0.0	0.0	3.0	0.0	0.0	0.0	0.0
9d0b8e67b846ba811ca07b5d8dd0bb5a	0.0	0.0	0.0	0.0	0.0	0.0	0.0	3.0	0.0	0.0	0.0	0.0
68a5c92399f1aaf607c02749f8cc3666	0.0	0.0	0.0	0.0	0.0	0.0	0.0	3.0	0.0	0.0	0.0	0.0
52391e510b7cfea4890de682f0310f58	0.0	0.0	0.0	0.0	0.0	0.0	0.0	3.0	0.0	0.0	0.0	0.0
49eab67999d1c7a9790d204cb258f324	0.0	0.0	0.0	0.0	0.0	0.0	0.0	3.0	0.0	0.0	0.0	0.0
b635261ebdb793ff52d87f37f7751316	0.0	0.0	0.0	0.0	0.0	0.0	0.0	3.0	0.0	0.0	0.0	0.0
e2ec41a0f81189ec1d5d3451e75ee46f	0.0	0.0	0.0	0.0	0.0	0.0	0.0	3.0	0.0	0.0	0.0	0.0
ecb7798e29cac0ee41b456bbe1322947	0.0	0.0	0.0	0.0	0.0	0.0	0.0	3.0	0.0	0.0	0.0	0.0
e05ba169b25e193cb9cf87f169674eb3	0.0	0.0	0.0	0.0	0.0	0.0	0.0	3.0	0.0	0.0	0.0	0.0
16114fd2a8b5f17f2c4ebbf4c3653d30	0.0	0.0	0.0	0.0	0.0	0.0	0.0	3.0	0.0	0.0	0.0	0.0
0a13695f2ca75e713e8d33d334731b58	0.0	0.0	0.0	0.0	0.0	0.0	0.0	3.0	0.0	0.0	0.0	0.0
bfd2aee8c43ab2cbd6141c4bae6fa752	0.0	0.0	0.0	0.0	0.0	0.0	0.0	3.0	0.0	0.0	0.0	0.0
6044cfe8a48c49e23a0cbc7f0233ca1b	0.0	0.0	0.0	0.0	0.0	0.0	0.0	3.0	0.0	0.0	0.0	0.0
a86d387b80d89e410bde6f4eadec4435	0.0	0.0	0.0	0.0	0.0	0.0	0.0	0.0	3.0	0.0	0.0	0.0
829d2b322b8872670299c139a6d6eb5c	0.0	0.0	0.0	0.0	0.0	0.0	0.0	0.0	3.0	0.0	0.0	0.0
4b79da3c6ab9f466e422e6387ee1dd7b	0.0	0.0	0.0	0.0	0.0	0.0	0.0	0.0	3.0	0.0	0.0	0.0
55d1114e6e1f56c54204d3026769ce40	0.0	0.0	0.0	0.0	0.0	0.0	0.0	0.0	3.0	0.0	0.0	0.0
2874373ed3b1668041bac27878dd527c	0.0	0.0	0.0	0.0	0.0	0.0	0.0	0.0	3.0	0.0	0.0	0.0
978f30dea61e4f897d5f9c099d2626a4	0.0	0.0	0.0	0.0	0.0	0.0	0.0	0.0	3.0	0.0	0.0	0.0
bc8ba47f72395eaaf97a1051ce024d9e	0.0	0.0	0.0	0.0	0.0	0.0	0.0	0.0	3.0	0.0	0.0	0.0
e16a6c1f537083591cb60bb90102c5f4	0.0	0.0	0.0	0.0	0.0	0.0	0.0	0.0	0.0	3.0	0.0	0.0
f430bb4fa77d98022ca4bb4135cafe72	0.0	0.0	0.0	0.0	0.0	0.0	0.0	0.0	0.0	3.0	0.0	0.0
b4ea8a96d9d18ac8415cc7d22dcf1702	0.0	0.0	0.0	0.0	0.0	0.0	0.0	0.0	0.0	0.0	3.0	0.0
916d5d1733ba4119663f594e6faba1a5	0.0	0.0	0.0	0.0	0.0	0.0	0.0	0.0	0.0	0.0	3.0	0.0
b83b4c1078725fa6b8865915e6db0dc9	0.0	0.0	0.0	0.0	0.0	0.0	0.0	0.0	0.0	0.0	0.0	3.0
1f6f3a35994988678dd1e2517dfb9fff	0.0	0.0	0.0	0.0	0.0	0.0	0.0	0.0	0.0	0.0	0.0	3.0
2bf656ce0a6819afbce0cc27fb1fd28a	2.0	0.0	0.0	0.0	0.0	0.0	0.0	0.0	0.0	0.0	0.0	0.0
d5774ebfd9ccad5cfbd7db689af4378c	0.0	2.0	0.0	0.0	0.0	0.0	0.0	0.0	0.0	0.0	0.0	0.0
3a50196df972f2e81bc29f7968edd408	0.0	2.0	0.0	0.0	0.0	0.0	0.0	0.0	0.0	0.0	0.0	0.0
8042d7a7566d520132bf13be0e7dc943	0.0	0.0	2.0	0.0	0.0	0.0	0.0	0.0	0.0	0.0	0.0	0.0
69f169bbd965ca0ae786adeff23542b0	0.0	0.0	2.0	0.0	0.0	0.0	0.0	0.0	0.0	0.0	0.0	0.0
5f9beba5b31aeb9b2e8908a637e7fcf6	0.0	0.0	2.0	0.0	0.0	0.0	0.0	0.0	0.0	0.0	0.0	0.0
999ad12473074199ddc75001161da4ba	0.0	0.0	0.0	2.0	0.0	0.0	0.0	0.0	0.0	0.0	0.0	0.0
1058d6cdc181b67ea22185c9e96445c1	0.0	0.0	0.0	2.0	0.0	0.0	0.0	0.0	0.0	0.0	0.0	0.0
cac4ef9dafb788732c65e2cc924a56a9	0.0	0.0	0.0	2.0	0.0	0.0	0.0	0.0	0.0	0.0	0.0	0.0
0a9fa1cae2b9846dd2696b5337088ee8	0.0	0.0	0.0	2.0	0.0	0.0	0.0	0.0	0.0	0.0	0.0	0.0
cf90ef329c97f3effafc633ad3eadcdb	0.0	0.0	0.0	2.0	0.0	0.0	0.0	0.0	0.0	0.0	0.0	0.0
f2f2228513ca4937169d1e451cda053c	0.0	0.0	0.0	2.0	0.0	0.0	0.0	0.0	0.0	0.0	0.0	0.0
5c37128f5acd14375f5411aef5c523b8	0.0	0.0	0.0	2.0	0.0	0.0	0.0	0.0	0.0	0.0	0.0	0.0
13af2039ac4b4235e2c0c464710e1fe3	0.0	0.0	0.0	2.0	0.0	0.0	0.0	0.0	0.0	0.0	0.0	0.0
7e5b2226daa4992edee459ef4f2723d0	0.0	0.0	0.0	2.0	0.0	0.0	0.0	0.0	0.0	0.0	0.0	0.0
138d89a67c548f0a84373a3e12b7c5bf	0.0	0.0	0.0	2.0	0.0	0.0	0.0	0.0	0.0	0.0	0.0	0.0
d60e10ddb4d7ea9c0bbe8383597a3100	0.0	0.0	0.0	2.0	0.0	0.0	0.0	0.0	0.0	0.0	0.0	0.0
b916ad62b7936a9cfb2a276b88480b2a	0.0	0.0	0.0	2.0	0.0	0.0	0.0	0.0	0.0	0.0	0.0	0.0
8f693d95efe837dc55488cfa1426cfe0	0.0	0.0	0.0	2.0	0.0	0.0	0.0	0.0	0.0	0.0	0.0	0.0
b1c8499858795a7d33d4f9b7506032be	0.0	0.0	0.0	2.0	0.0	0.0	0.0	0.0	0.0	0.0	0.0	0.0
ca3a19b98488a08d315d83e22fbb390d	0.0	0.0	0.0	0.0	2.0	0.0	0.0	0.0	0.0	0.0	0.0	0.0
bb205030a660135383b63ac2ac6ad038	0.0	0.0	0.0	0.0	2.0	0.0	0.0	0.0	0.0	0.0	0.0	0.0
307456ea106031882b37a89642e47080	0.0	0.0	0.0	0.0	2.0	0.0	0.0	0.0	0.0	0.0	0.0	0.0
cd134e4ba19d2f8e32faf4166ca951dc	0.0	0.0	0.0	0.0	2.0	0.0	0.0	0.0	0.0	0.0	0.0	0.0
6daec852dc7455cc07af015b15ea483a	0.0	0.0	0.0	0.0	2.0	0.0	0.0	0.0	0.0	0.0	0.0	0.0
089833dd72537beee51501456f8e3586	0.0	0.0	0.0	0.0	2.0	0.0	0.0	0.0	0.0	0.0	0.0	0.0
5e01b2b807c62f74788c8d135a199b1a	0.0	0.0	0.0	0.0	2.0	0.0	0.0	0.0	0.0	0.0	0.0	0.0
2743875b2645c6ad7f434bb526631174	0.0	0.0	0.0	0.0	2.0	0.0	0.0	0.0	0.0	0.0	0.0	0.0
202a0c877fcdadd75ef57290cbb39a9e	0.0	0.0	0.0	0.0	2.0	0.0	0.0	0.0	0.0	0.0	0.0	0.0
845fa3292e9e139837663f6f0677ceb4	0.0	0.0	0.0	0.0	2.0	0.0	0.0	0.0	0.0	0.0	0.0	0.0
7d20f6c039c8ac9ad9cebe292587aed1	0.0	0.0	0.0	0.0	2.0	0.0	0.0	0.0	0.0	0.0	0.0	0.0
15595bf67b6eca22a92d617563d0283b	0.0	0.0	0.0	0.0	2.0	0.0	0.0	0.0	0.0	0.0	0.0	0.0
b2032363ebe76f747d1d33221a7985f8	0.0	0.0	0.0	0.0	2.0	0.0	0.0	0.0	0.0	0.0	0.0	0.0
3dc1bef257f05aba9767ca5d58efd9c0	0.0	0.0	0.0	0.0	2.0	0.0	0.0	0.0	0.0	0.0	0.0	0.0
04ed0cc29400a19c3863f008d23a6c56	0.0	0.0	0.0	0.0	2.0	0.0	0.0	0.0	0.0	0.0	0.0	0.0
32fb002cfd825ec20d7af4b07379f1ff	0.0	0.0	0.0	0.0	2.0	0.0	0.0	0.0	0.0	0.0	0.0	0.0
e8b5210d0e424608653c25d5264d7bd7	0.0	0.0	0.0	0.0	0.0	2.0	0.0	0.0	0.0	0.0	0.0	0.0
3a818606307b68680dc2d43a5f56a959	0.0	0.0	0.0	0.0	0.0	2.0	0.0	0.0	0.0	0.0	0.0	0.0
ae7d831e0e55b3bef7b423fb5093319f	0.0	0.0	0.0	0.0	0.0	2.0	0.0	0.0	0.0	0.0	0.0	0.0
256395a24def2f0bcb336d1eaf695bd4	0.0	0.0	0.0	0.0	0.0	2.0	0.0	0.0	0.0	0.0	0.0	0.0
10e54761f9d34994a312b49d5db41cc0	0.0	0.0	0.0	0.0	0.0	2.0	0.0	0.0	0.0	0.0	0.0	0.0
c36851d3aeb321d030484df4218f302d	0.0	0.0	0.0	0.0	0.0	2.0	0.0	0.0	0.0	0.0	0.0	0.0
9ca7cac5b49a1f6011ec121a628a2be0	0.0	0.0	0.0	0.0	0.0	2.0	0.0	0.0	0.0	0.0	0.0	0.0
7f3f1361a9a4474dfc1ba3e38ad79449	0.0	0.0	0.0	0.0	0.0	2.0	0.0	0.0	0.0	0.0	0.0	0.0
e89d886d202ace8f0ae16a704ec068b1	0.0	0.0	0.0	0.0	0.0	2.0	0.0	0.0	0.0	0.0	0.0	0.0
586e7ba9badac1242e2b7f5e93d1ed64	0.0	0.0	0.0	0.0	0.0	2.0	0.0	0.0	0.0	0.0	0.0	0.0
812c0677a5eb0f85008c12a93a76c913	0.0	0.0	0.0	0.0	0.0	2.0	0.0	0.0	0.0	0.0	0.0	0.0
8229cb5a1909ef94360f7f3f3da0d8a9	0.0	0.0	0.0	0.0	0.0	2.0	0.0	0.0	0.0	0.0	0.0	0.0
241e28915ac650f9caf9115857dea57d	0.0	0.0	0.0	0.0	0.0	2.0	0.0	0.0	0.0	0.0	0.0	0.0
8cdaf46bd779d58836e12a289156824a	0.0	0.0	0.0	0.0	0.0	2.0	0.0	0.0	0.0	0.0	0.0	0.0
15e933d0c4ce3e32e1f2f5615d8966e7	0.0	0.0	0.0	0.0	0.0	2.0	0.0	0.0	0.0	0.0	0.0	0.0
3d5eb27c799a78181817df59f67212a6	0.0	0.0	0.0	0.0	0.0	0.0	2.0	0.0	0.0	0.0	0.0	0.0
61844c2403c9a2200f37cb5ed3ddc64a	0.0	0.0	0.0	0.0	0.0	0.0	2.0	0.0	0.0	0.0	0.0	0.0
adf0b7602ef7325de993c3b68f882c30	0.0	0.0	0.0	0.0	0.0	0.0	2.0	0.0	0.0	0.0	0.0	0.0
833c7691834e0f841252a7f9708af372	0.0	0.0	0.0	0.0	0.0	0.0	2.0	0.0	0.0	0.0	0.0	0.0
aaba721595b8ba5979f35025174f3d24	0.0	0.0	0.0	0.0	0.0	0.0	2.0	0.0	0.0	0.0	0.0	0.0
e4912d66a45703f2e49f481f029a334e	0.0	0.0	0.0	0.0	0.0	0.0	2.0	0.0	0.0	0.0	0.0	0.0
c06afde45505f2f59664f2be592c42ae	0.0	0.0	0.0	0.0	0.0	0.0	2.0	0.0	0.0	0.0	0.0	0.0
5ff685d74bc3c0a101b49eec516b679b	0.0	0.0	0.0	0.0	0.0	0.0	2.0	0.0	0.0	0.0	0.0	0.0
17c7560e86ee85fbc9c1c566a5f57cec	0.0	0.0	0.0	0.0	0.0	0.0	2.0	0.0	0.0	0.0	0.0	0.0
99885986d80a766566b4c98cd9472228	0.0	0.0	0.0	0.0	0.0	0.0	2.0	0.0	0.0	0.0	0.0	0.0
f4b8e8158d6164e3646b6163616a4149	0.0	0.0	0.0	0.0	0.0	0.0	2.0	0.0	0.0	0.0	0.0	0.0
328c37c21881f0d041513dc0ce09eabf	0.0	0.0	0.0	0.0	0.0	0.0	2.0	0.0	0.0	0.0	0.0	0.0
509b0b21fa84df1338594f74c96390b0	0.0	0.0	0.0	0.0	0.0	0.0	2.0	0.0	0.0	0.0	0.0	0.0
19bc8a26e530722fe76bd1ec3d1a5e42	0.0	0.0	0.0	0.0	0.0	0.0	2.0	0.0	0.0	0.0	0.0	0.0
123662f9a76df0efb13c810a74e878ba	0.0	0.0	0.0	0.0	0.0	0.0	2.0	0.0	0.0	0.0	0.0	0.0
5fb7108b521c14fbfb32420c70308fe8	0.0	0.0	0.0	0.0	0.0	0.0	2.0	0.0	0.0	0.0	0.0	0.0
c3ddcbf4ccd297867f04155fc2d73d53	0.0	0.0	0.0	0.0	0.0	0.0	2.0	0.0	0.0	0.0	0.0	0.0
c91a3c010d7df718faca7ff945088e55	0.0	0.0	0.0	0.0	0.0	0.0	2.0	0.0	0.0	0.0	0.0	0.0
cc2dd01b6f4d3bf45f10cac71b021c69	0.0	0.0	0.0	0.0	0.0	0.0	2.0	0.0	0.0	0.0	0.0	0.0
a3be15c460861646777b3b5c5c8fc550	0.0	0.0	0.0	0.0	0.0	0.0	0.0	2.0	0.0	0.0	0.0	0.0
3fb0abd075f32af79137541114862ff8	0.0	0.0	0.0	0.0	0.0	0.0	0.0	2.0	0.0	0.0	0.0	0.0
d6925b53f4d2da4f46c923a0d862255a	0.0	0.0	0.0	0.0	0.0	0.0	0.0	2.0	0.0	0.0	0.0	0.0
b86f47771734d1aa1ab83270ebf69379	0.0	0.0	0.0	0.0	0.0	0.0	0.0	2.0	0.0	0.0	0.0	0.0
fdac8fa4ce5cf3d15107486ddea5f2c8	0.0	0.0	0.0	0.0	0.0	0.0	0.0	2.0	0.0	0.0	0.0	0.0
f636c7198480d534bb7aee7a459e1ca2	0.0	0.0	0.0	0.0	0.0	0.0	0.0	2.0	0.0	0.0	0.0	0.0
5a98bdcc48ab31117455001cb9b53ef1	0.0	0.0	0.0	0.0	0.0	0.0	0.0	2.0	0.0	0.0	0.0	0.0
9913e88c280e6b5abc5a7118fbdeca60	0.0	0.0	0.0	0.0	0.0	0.0	0.0	2.0	0.0	0.0	0.0	0.0
bd5cad8cec979b6dc6388c7097c74c66	0.0	0.0	0.0	0.0	0.0	0.0	0.0	2.0	0.0	0.0	0.0	0.0
d113e90e044355c54c7a3dca161034bb	0.0	0.0	0.0	0.0	0.0	0.0	0.0	2.0	0.0	0.0	0.0	0.0
579b9b1c7b54c386a3a86f9b45463147	0.0	0.0	0.0	0.0	0.0	0.0	0.0	2.0	0.0	0.0	0.0	0.0
fe80295b6ac2b44ba888c4b6fd3d0925	0.0	0.0	0.0	0.0	0.0	0.0	0.0	2.0	0.0	0.0	0.0	0.0
47113589d6f68c5c4e79ba680a400ce8	0.0	0.0	0.0	0.0	0.0	0.0	0.0	2.0	0.0	0.0	0.0	0.0
fc2fc4eaba89b392fb856f9e50713313	0.0	0.0	0.0	0.0	0.0	0.0	0.0	2.0	0.0	0.0	0.0	0.0
9d23e4d22f4d6e54bde93b07893a5951	0.0	0.0	0.0	0.0	0.0	0.0	0.0	0.0	2.0	0.0	0.0	0.0
ad74182ce354a2742518f699ef288b64	0.0	0.0	0.0	0.0	0.0	0.0	0.0	0.0	2.0	0.0	0.0	0.0
b888255a5b685215fba20661d9c63601	0.0	0.0	0.0	0.0	0.0	0.0	0.0	0.0	2.0	0.0	0.0	0.0
1cee09d99ec04b7fd6a63eef6672a53f	0.0	0.0	0.0	0.0	0.0	0.0	0.0	0.0	2.0	0.0	0.0	0.0
430dff9dde3288bb457d68d0b569e720	0.0	0.0	0.0	0.0	0.0	0.0	0.0	0.0	2.0	0.0	0.0	0.0
529f4b17ff4102900e9ab7dfae2baf7e	0.0	0.0	0.0	0.0	0.0	0.0	0.0	0.0	2.0	0.0	0.0	0.0
217330eccb9dcac5c0fe807ce488c013	0.0	0.0	0.0	0.0	0.0	0.0	0.0	0.0	2.0	0.0	0.0	0.0
6b266a6e67e1781e63abdefc28f7aee0	0.0	0.0	0.0	0.0	0.0	0.0	0.0	0.0	2.0	0.0	0.0	0.0
6ee2dd19dfca07394534b5fd14c47706	0.0	0.0	0.0	0.0	0.0	0.0	0.0	0.0	0.0	2.0	0.0	0.0
e1e18da4217d3bf2f8734c741e52adaa	0.0	0.0	0.0	0.0	0.0	0.0	0.0	0.0	0.0	2.0	0.0	0.0
b11790007a200655ef1ee549976b754a	0.0	0.0	0.0	0.0	0.0	0.0	0.0	0.0	0.0	2.0	0.0	0.0
486d5897be9b3d118f51b593e2d16a6f	0.0	0.0	0.0	0.0	0.0	0.0	0.0	0.0	0.0	0.0	2.0	0.0
1a7588418ad3f69b9e7a350e6bf4069b	0.0	0.0	0.0	0.0	0.0	0.0	0.0	0.0	0.0	0.0	2.0	0.0
32858e83c564acfeb9722db2ee6f0ae9	0.0	0.0	0.0	0.0	0.0	0.0	0.0	0.0	0.0	0.0	2.0	0.0
b13671050bef35e25c5f9e8a868d9664	0.0	0.0	0.0	0.0	0.0	0.0	0.0	0.0	0.0	0.0	2.0	0.0
0c086403286eef07134abb9ee803890e	0.0	0.0	0.0	0.0	0.0	0.0	0.0	0.0	0.0	0.0	2.0	0.0
7e057fbc4123cabe2574fbfa1a167b41	0.0	0.0	0.0	0.0	0.0	0.0	0.0	0.0	0.0	0.0	2.0	0.0
65ed2e9965cba3616e1008144dd2f90e	0.0	0.0	0.0	0.0	0.0	0.0	0.0	0.0	0.0	0.0	2.0	0.0
76483a21c642e7e402cd2584cdfe01bb	0.0	0.0	0.0	0.0	0.0	0.0	0.0	0.0	0.0	0.0	0.0	2.0
669ad046c298f2194c3d9b9e3996d884	0.0	0.0	0.0	0.0	0.0	0.0	0.0	0.0	0.0	0.0	0.0	2.0
de000df44cec0a7831066033948a2756	0.0	0.0	0.0	0.0	0.0	0.0	0.0	0.0	0.0	0.0	0.0	2.0
02f0f3e3934b99e674daf56e0f940fe6	0.0	0.0	0.0	0.0	0.0	0.0	0.0	0.0	0.0	0.0	0.0	2.0
